49 1.38579 4
99 1.3808 4
149 1.36331 4
199 1.32196 4
249 1.25446 4
299 1.19999 4
349 1.16659 4
399 1.14569 4
449 1.12844 4
499 1.11705 4
549 1.1031 4
599 1.09207 4
649 1.08512 4
699 1.07472 4
749 1.0711 4
799 1.06226 4
849 1.05815 4
899 1.05166 4
949 1.04665 4
999 1.04015 4
1049 1.03901 4
1099 1.03465 4
1149 1.02828 4
1199 1.02748 4
1249 1.02431 4
1299 1.01762 4
1349 1.02052 4
1399 1.01763 4
1449 1.0129 4
1499 1.01026 4
1549 1.00893 4
1599 1.01212 4
1649 1.00743 4
1699 1.00289 4
1749 1.00404 4
1799 1.00107 4
1849 0.999738 4
1899 0.999932 4
1949 0.998227 4
1999 0.996651 4
2049 0.994476 4
2099 0.998385 4
2149 0.995721 4
2199 0.99326 4
2249 0.994445 4
2299 0.993456 4
2349 0.989528 4
2399 0.990101 4
2449 0.988586 4
2499 0.986978 4
2549 0.986159 4
2599 0.987722 4
2649 0.982232 4
2699 0.985156 4
2749 0.987046 4
2799 0.983389 4
2849 0.979218 4
2899 0.980639 4
2949 0.977392 4
2999 0.979508 4
3049 0.97922 4
3099 0.97799 4
3149 0.979396 4
3199 0.979277 4
3249 0.97293 4
3299 0.977267 4
3349 0.974926 4
3399 0.974027 4
3449 0.973845 4
3499 0.97368 4
3549 0.97499 4
3599 0.973389 4
3649 0.975154 4
3699 0.974727 4
3749 0.968236 4
3799 0.971146 4
3849 0.96886 4
3899 0.971677 4
3949 0.969054 4
3999 0.968525 4
4049 0.967231 4
4099 0.967776 4
4149 0.967651 4
4199 0.96576 4
4249 0.966019 4
4299 0.965341 4
4349 0.967035 4
4399 0.966504 4
4449 0.96899 4
4499 0.966124 4
4549 0.964134 4
4599 0.965088 4
4649 0.965996 4
4699 0.961722 4
4749 0.964204 4
4799 0.963685 4
4849 0.9624 4
4899 0.960045 4
4949 0.962433 4
4999 0.960458 4
5049 0.962776 4
5099 0.961186 4
5149 0.961233 4
5199 0.960461 4
5249 0.959029 4
5299 0.957241 4
5349 0.959997 4
5399 0.962287 4
5449 0.960743 4
5499 0.958 4
5549 0.961457 4
5599 0.957724 4
5649 0.958058 4
5699 0.95612 4
5749 0.952592 4
5799 0.956682 4
5849 0.954917 4
5899 0.95563 4
5949 0.957228 4
5999 0.957006 4
6049 0.95543 4
6099 0.956377 4
6149 0.953939 4
6199 0.95297 4
6249 0.953605 4
6299 0.953131 4
6349 0.952058 4
6399 0.956809 4
6449 0.952243 4
6499 0.952185 4
6549 0.952876 4
6599 0.95231 4
6649 0.955609 4
6699 0.94884 4
6749 0.947546 4
6799 0.953263 4
6849 0.952234 4
6899 0.949593 4
6949 0.951751 4
6999 0.948495 4
7049 0.949287 4
7099 0.952362 4
7149 0.949204 4
7199 0.950694 4
7249 0.950269 4
7299 0.947913 4
7349 0.946147 4
7399 0.946609 4
7449 0.947164 4
7499 0.946192 4
7549 0.94355 4
7599 0.947575 4
7649 0.944674 4
7699 0.948104 4
7749 0.943802 4
7799 0.945771 4
7849 0.948735 4
7899 0.945384 4
7949 0.944825 4
7999 0.946774 4
8049 0.944197 4
8099 0.945688 4
8149 0.946988 4
8199 0.942686 4
8249 0.941773 4
8299 0.941958 4
8349 0.944841 4
8399 0.941624 4
8449 0.94622 4
8499 0.943101 4
8549 0.94444 4
8599 0.944485 4
8649 0.94304 4
8699 0.943323 4
8749 0.941316 4
8799 0.939548 4
8849 0.94278 4
8899 0.940417 4
8949 0.939575 4
8999 0.939382 4
9049 0.94185 4
9099 0.941752 4
9149 0.940182 4
9199 0.93541 4
9249 0.940642 4
9299 0.939107 4
9349 0.941273 4
9399 0.939016 4
9449 0.939926 4
9499 0.938919 4
9549 0.939185 4
9599 0.938189 4
9649 0.935175 4
9699 0.938689 4
9749 0.938151 4
9799 0.937594 4
9849 0.934775 4
9899 0.93875 4
9949 0.93681 4
9999 0.940337 4
10049 0.935518 4
10099 0.936488 4
10149 0.934847 4
10199 0.934211 4
10249 0.932953 4
10299 0.936671 4
10349 0.930771 4
10399 0.937535 4
10449 0.933913 4
10499 0.937002 4
10549 0.934734 4
10599 0.9334 4
10649 0.936382 4
10699 0.936897 4
10749 0.934564 4
10799 0.936322 4
10849 0.932764 4
10899 0.934056 4
10949 0.931995 4
10999 0.928319 4
11049 0.933159 4
11099 0.931981 4
11149 0.928124 4
11199 0.932802 4
11249 0.930047 4
11299 0.929145 4
11349 0.930205 4
11399 0.929323 4
11449 0.931842 4
11499 0.930667 4
11549 0.930823 4
11599 0.929463 4
11649 0.932158 4
11699 0.930705 4
11749 0.929849 4
11799 0.930913 4
11849 0.935524 4
11899 0.928711 4
11949 0.926936 4
11999 0.925773 4
12049 0.926893 4
12099 0.930544 4
12149 0.930573 4
12199 0.925903 4
12249 0.926437 4
12299 0.930382 4
12349 0.928398 4
12399 0.924937 4
12449 0.929376 4
12499 0.926868 4
12549 0.926876 4
12599 0.928459 4
12649 0.92517 4
12699 0.928175 4
12749 0.925662 4
12799 0.925858 4
12849 0.925152 4
12899 0.926152 4
12949 0.924661 4
12999 0.921631 4
13049 0.921846 4
13099 0.925987 4
13149 0.926145 4
13199 0.927058 4
13249 0.92677 4
13299 0.92367 4
13349 0.923632 4
13399 0.92423 4
13449 0.922399 4
13499 0.923806 4
13549 0.921469 4
13599 0.920194 4
13649 0.919395 4
13699 0.924522 4
13749 0.919408 4
13799 0.920422 4
13849 0.923358 4
13899 0.920282 4
13949 0.922385 4
13999 0.919651 4
14049 0.923047 4
14099 0.919655 4
14149 0.918523 4
14199 0.921321 4
14249 0.918995 4
14299 0.920343 4
14349 0.919736 4
14399 0.919159 4
14449 0.92004 4
14499 0.919992 4
14549 0.921026 4
14599 0.914097 4
14649 0.918737 4
14699 0.919017 4
14749 0.917101 4
14799 0.915907 4
14849 0.917407 4
14899 0.918398 4
14949 0.916721 4
14999 0.919224 4
15049 0.915383 4
15099 0.916978 4
15149 0.91735 4
15199 0.918155 4
15249 0.916042 4
15299 0.91661 4
15349 0.916066 4
15399 0.915437 4
15449 0.914263 4
15499 0.913563 4
15549 0.915103 4
15599 0.914994 4
15649 0.913023 4
15699 0.912207 4
15749 0.914118 4
15799 0.913344 4
15849 0.912244 4
15899 0.913068 4
15949 0.91401 4
15999 0.913562 4
16049 0.913331 4
16099 0.913531 4
16149 0.911837 4
16199 0.912721 4
16249 0.913937 4
16299 0.913716 4
16349 0.913182 4
16399 0.913776 4
16449 0.911721 4
16499 0.910849 4
16549 0.910395 4
16599 0.912289 4
16649 0.907911 4
16699 0.911635 4
16749 0.90984 4
16799 0.905802 4
16849 0.908122 4
16899 0.909783 4
16949 0.909032 4
16999 0.910612 4
17049 0.907287 4
17099 0.909033 4
17149 0.909352 4
17199 0.907383 4
17249 0.908324 4
17299 0.911526 4
17349 0.907736 4
17399 0.90571 4
17449 0.903736 4
17499 0.907852 4
17549 0.906126 4
17599 0.908261 4
17649 0.907253 4
17699 0.903876 4
17749 0.902792 4
17799 0.903832 4
17849 0.906388 4
17899 0.908316 4
17949 0.909589 4
17999 0.904184 4
18049 0.905662 4
18099 0.908201 4
18149 0.905766 4
18199 0.90208 4
18249 0.905931 4
18299 0.90595 4
18349 0.906552 4
18399 0.901693 4
18449 0.905434 4
18499 0.902546 4
18549 0.903623 4
18599 0.904691 4
18649 0.905838 4
18699 0.902074 4
18749 0.902832 4
18799 0.902292 4
18849 0.901393 4
18899 0.901823 4
18949 0.901875 4
18999 0.900151 4
19049 0.901678 4
19099 0.905091 4
19149 0.901764 4
19199 0.902698 4
19249 0.903235 4
19299 0.90095 4
19349 0.897994 4
19399 0.900717 4
19449 0.898589 4
19499 0.89855 4
19549 0.900172 4
19599 0.899527 4
19649 0.899006 4
19699 0.896388 4
19749 0.90147 4
19799 0.899502 4
19849 0.899851 4
19899 0.898214 4
19949 0.898994 4
19999 0.900999 4
20049 0.899918 4
20099 0.898708 4
20149 0.898091 4
20199 0.897361 4
20249 0.899379 4
20299 0.897022 4
20349 0.898069 4
20399 0.895527 4
20449 0.896514 4
20499 0.897199 4
20549 0.897997 4
20599 0.89702 4
20649 0.893663 4
20699 0.89095 4
20749 0.898384 4
20799 0.896778 4
20849 0.897498 4
20899 0.895115 4
20949 0.895029 4
20999 0.89294 4
21049 0.895508 4
21099 0.892878 4
21149 0.89605 4
21199 0.897713 4
21249 0.893632 4
21299 0.892259 4
21349 0.892318 4
21399 0.894053 4
21449 0.894111 4
21499 0.892571 4
21549 0.892167 4
21599 0.890044 4
21649 0.894641 4
21699 0.891618 4
21749 0.891896 4
21799 0.890361 4
21849 0.885432 4
21899 0.893238 4
21949 0.892438 4
21999 0.889473 4
22049 0.892384 4
22099 0.89215 4
22149 0.891834 4
22199 0.891168 4
22249 0.888228 4
22299 0.887521 4
22349 0.886873 4
22399 0.888968 4
22449 0.889934 4
22499 0.890553 4
22549 0.888428 4
22599 0.888524 4
22649 0.88793 4
22699 0.887431 4
22749 0.887523 4
22799 0.887734 4
22849 0.891898 4
22899 0.89013 4
22949 0.885794 4
22999 0.884594 4
23049 0.88605 4
23099 0.888695 4
23149 0.887805 4
23199 0.88662 4
23249 0.887397 4
23299 0.883481 4
23349 0.887846 4
23399 0.884215 4
23449 0.880059 4
23499 0.885769 4
23549 0.884191 4
23599 0.885083 4
23649 0.884795 4
23699 0.882801 4
23749 0.886206 4
23799 0.882387 4
23849 0.885178 4
23899 0.883617 4
23949 0.886201 4
23999 0.882359 4
24049 0.880409 4
24099 0.881644 4
24149 0.881468 4
24199 0.883721 4
24249 0.877186 4
24299 0.885475 4
24349 0.881918 4
24399 0.883413 4
24449 0.88386 4
24499 0.883127 4
24549 0.882595 4
24599 0.881367 4
24649 0.878541 4
24699 0.88112 4
24749 0.880185 4
24799 0.880892 4
24849 0.878562 4
24899 0.88041 4
24949 0.879931 4
24999 0.879203 4
25049 0.880437 4
25099 0.878461 4
25149 0.882391 4
25199 0.880059 4
25249 0.879449 4
25299 0.881264 4
25349 0.882127 4
25399 0.877958 4
25449 0.878996 4
25499 0.878267 4
25549 0.878611 4
25599 0.879174 4
25649 0.875948 4
25699 0.880076 4
25749 0.875665 4
25799 0.878175 4
25849 0.877848 4
25899 0.874715 4
25949 0.877798 4
25999 0.880134 4
26049 0.877347 4
26099 0.87938 4
26149 0.872574 4
26199 0.874208 4
26249 0.875198 4
26299 0.875884 4
26349 0.877164 4
26399 0.876542 4
26449 0.875124 4
26499 0.876888 4
26549 0.876982 4
26599 0.874476 4
26649 0.873556 4
26699 0.874974 4
26749 0.873388 4
26799 0.87209 4
26849 0.874566 4
26899 0.87348 4
26949 0.873814 4
26999 0.876122 4
27049 0.872646 4
27099 0.872044 4
27149 0.87401 4
27199 0.874194 4
27249 0.871062 4
27299 0.871492 4
27349 0.873001 4
27399 0.869785 4
27449 0.873632 4
27499 0.86964 4
27549 0.870176 4
27599 0.870513 4
27649 0.869663 4
27699 0.871652 4
27749 0.874259 4
27799 0.871475 4
27849 0.870276 4
27899 0.868961 4
27949 0.871005 4
27999 0.870455 4
28049 0.871438 4
28099 0.870433 4
28149 0.872048 4
28199 0.869002 4
28249 0.869965 4
28299 0.872377 4
28349 0.867777 4
28399 0.869498 4
28449 0.870118 4
28499 0.868981 4
28549 0.871197 4
28599 0.869391 4
28649 0.865643 4
28699 0.866855 4
28749 0.870754 4
28799 0.867511 4
28849 0.870056 4
28899 0.868296 4
28949 0.86921 4
28999 0.870403 4
29049 0.870985 4
29099 0.869559 4
29149 0.865007 4
29199 0.869088 4
29249 0.867447 4
29299 0.868467 4
29349 0.867391 4
29399 0.86709 4
29449 0.863628 4
29499 0.86552 4
29549 0.871395 4
29599 0.866763 4
29649 0.86916 4
29699 0.865816 4
29749 0.868792 4
29799 0.866529 4
29849 0.864791 4
29899 0.864544 4
29949 0.867773 4
29999 0.862124 4
30049 0.866693 4
30099 0.862487 4
30149 0.862321 4
30199 0.867053 4
30249 0.863903 4
30299 0.866245 4
30349 0.864371 4
30399 0.862736 4
30449 0.86762 4
30499 0.865085 4
30549 0.865604 4
30599 0.863712 4
30649 0.865592 4
30699 0.863422 4
30749 0.863597 4
30799 0.863054 4
30849 0.862408 4
30899 0.861487 4
30949 0.862266 4
30999 0.862122 4
31049 0.864151 4
31099 0.865452 4
31149 0.863378 4
31199 0.863808 4
31249 0.860649 4
31299 0.859258 4
31349 0.862297 4
31399 0.864018 4
31449 0.86158 4
31499 0.864552 4
31549 0.860744 4
31599 0.860322 4
31649 0.861724 4
31699 0.866198 4
31749 0.862331 4
31799 0.864518 4
31849 0.861216 4
31899 0.863071 4
31949 0.861112 4
31999 0.862287 4
32049 0.866531 4
32099 0.860795 4
32149 0.86306 4
32199 0.862151 4
32249 0.860116 4
32299 0.859761 4
32349 0.857768 4
32399 0.861003 4
32449 0.860444 4
32499 0.860691 4
32549 0.862369 4
32599 0.858087 4
32649 0.857554 4
32699 0.859667 4
32749 0.862082 4
32799 0.855458 4
32849 0.856882 4
32899 0.860088 4
32949 0.859306 4
32999 0.855341 4
33049 0.857423 4
33099 0.860348 4
33149 0.861831 4
33199 0.854077 4
33249 0.859029 4
33299 0.858479 4
33349 0.859025 4
33399 0.857426 4
33449 0.859645 4
33499 0.860406 4
33549 0.857692 4
33599 0.860703 4
33649 0.856307 4
33699 0.858887 4
33749 0.857026 4
33799 0.857797 4
33849 0.858729 4
33899 0.858446 4
33949 0.85689 4
33999 0.85651 4
34049 0.856526 4
34099 0.857016 4
34149 0.858818 4
34199 0.855362 4
34249 0.855443 4
34299 0.856751 4
34349 0.855635 4
34399 0.856863 4
34449 0.856118 4
34499 0.857604 4
34549 0.85154 4
34599 0.85411 4
34649 0.852742 4
34699 0.85568 4
34749 0.855569 4
34799 0.854818 4
34849 0.855254 4
34899 0.855422 4
34949 0.851434 4
34999 0.852234 4
35049 0.851698 4
35099 0.853635 4
35149 0.853 4
35199 0.858035 4
35249 0.852916 4
35299 0.853656 4
35349 0.854309 4
35399 0.855429 4
35449 0.852847 4
35499 0.855753 4
35549 0.851348 4
35599 0.855242 4
35649 0.850189 4
35699 0.855683 4
35749 0.851223 4
35799 0.855222 4
35849 0.852551 4
35899 0.848829 4
35949 0.853149 4
35999 0.851386 4
36049 0.853559 4
36099 0.855996 4
36149 0.852952 4
36199 0.855375 4
36249 0.853323 4
36299 0.852521 4
36349 0.854882 4
36399 0.850882 4
36449 0.854897 4
36499 0.850557 4
36549 0.852704 4
36599 0.851563 4
36649 0.85116 4
36699 0.852597 4
36749 0.853552 4
36799 0.850553 4
36849 0.851638 4
36899 0.848811 4
36949 0.85078 4
36999 0.851204 4
37049 0.849053 4
37099 0.854639 4
37149 0.850306 4
37199 0.85071 4
37249 0.848908 4
37299 0.851593 4
37349 0.849579 4
37399 0.853112 4
37449 0.850954 4
37499 0.850365 4
37549 0.852705 4
37599 0.851126 4
37649 0.850089 4
37699 0.850423 4
37749 0.850226 4
37799 0.84916 4
37849 0.852856 4
37899 0.851821 4
37949 0.848992 4
37999 0.85128 4
38049 0.84848 4
38099 0.849207 4
38149 0.850269 4
38199 0.849333 4
38249 0.851892 4
38299 0.848998 4
38349 0.849777 4
38399 0.852048 4
38449 0.848905 4
38499 0.849761 4
38549 0.851136 4
38599 0.848043 4
38649 0.847769 4
38699 0.850263 4
38749 0.846356 4
38799 0.847089 4
38849 0.84796 4
38899 0.849944 4
38949 0.850304 4
38999 0.848932 4
39049 0.846816 4
39099 0.848317 4
39149 0.849227 4
39199 0.847595 4
39249 0.851603 4
39299 0.848003 4
39349 0.847851 4
39399 0.849557 4
39449 0.846705 4
39499 0.84829 4
39549 0.847243 4
39599 0.847487 4
39649 0.849555 4
39699 0.849973 4
39749 0.848278 4
39799 0.849594 4
39849 0.845253 4
39899 0.847111 4
39949 0.846908 4
39999 0.851142 4
