49 1.38513
99 1.37528
149 1.33512
199 1.25762
249 1.16735
299 1.07165
349 0.994208
399 0.95273
449 0.936446
499 0.960717
549 0.921972
599 0.911676
649 0.900686
699 0.905429
749 0.899357
799 0.924917
849 0.908717
899 0.909096
949 0.887543
999 0.879603
1049 0.918762
1099 0.856277
1149 0.908135
1199 0.890991
1249 0.87535
1299 0.892996
1349 0.866373
1399 0.889494
1449 0.880717
1499 0.868678
1549 0.883313
1599 0.855934
1649 0.887485
1699 0.871329
1749 0.875141
1799 0.862728
1849 0.858299
1899 0.849594
1949 0.853421
1999 0.885646
2049 0.850287
2099 0.864585
2149 0.884409
2199 0.874041
2249 0.846469
2299 0.870553
2349 0.868317
2399 0.864352
2449 0.834737
2499 0.850379
2549 0.83779
2599 0.835566
2649 0.834436
2699 0.854565
2749 0.844536
2799 0.865961
2849 0.850697
2899 0.85013
2949 0.829143
2999 0.858399
3049 0.841826
3099 0.829566
3149 0.855829
3199 0.846938
3249 0.873013
3299 0.846899
3349 0.84027
3399 0.822361
3449 0.869917
3499 0.842444
3549 0.842579
3599 0.868073
3649 0.835183
3699 0.829693
3749 0.824583
3799 0.840703
3849 0.857606
3899 0.848911
3949 0.824536
3999 0.825107
4049 0.8495
4099 0.841194
4149 0.842334
4199 0.82809
4249 0.834769
4299 0.83737
4349 0.852477
4399 0.812917
4449 0.824662
4499 0.833757
4549 0.816334
4599 0.81898
4649 0.819986
4699 0.843085
4749 0.837972
4799 0.865111
4849 0.815464
4899 0.824231
4949 0.820475
4999 0.839607
5049 0.834492
5099 0.837292
5149 0.812685
5199 0.819562
5249 0.84126
5299 0.820082
5349 0.841551
5399 0.849766
5449 0.841048
5499 0.831438
5549 0.801029
5599 0.814717
5649 0.84197
5699 0.814171
5749 0.831036
5799 0.816262
5849 0.810958
5899 0.833127
5949 0.82233
5999 0.823048
6049 0.851889
6099 0.802841
6149 0.838314
6199 0.83011
6249 0.813801
6299 0.828774
6349 0.816649
6399 0.806215
6449 0.833758
6499 0.838115
6549 0.8564
6599 0.836864
6649 0.804206
6699 0.841353
6749 0.813264
6799 0.823497
6849 0.798834
6899 0.82149
6949 0.82403
6999 0.802572
7049 0.822698
7099 0.816431
7149 0.823064
7199 0.81899
7249 0.808564
7299 0.819484
7349 0.813669
7399 0.806081
7449 0.810129
7499 0.815453
7549 0.802688
7599 0.847094
7649 0.838457
7699 0.823351
7749 0.820649
7799 0.842683
7849 0.811264
7899 0.820161
7949 0.81904
7999 0.817147
8049 0.787276
8099 0.792079
8149 0.799446
8199 0.820175
8249 0.830528
8299 0.810387
8349 0.822498
8399 0.816015
8449 0.823917
8499 0.807183
8549 0.830647
8599 0.804859
8649 0.79746
8699 0.778804
8749 0.844746
8799 0.814774
8849 0.791373
8899 0.828998
8949 0.811612
8999 0.80136
9049 0.834637
9099 0.794168
9149 0.789863
9199 0.809185
9249 0.799575
9299 0.808759
9349 0.802295
9399 0.81223
9449 0.822414
9499 0.796359
9549 0.822869
9599 0.78747
9649 0.802122
9699 0.814875
9749 0.814815
9799 0.836194
9849 0.79488
9899 0.815514
9949 0.822001
9999 0.811157
10049 0.840228
10099 0.785333
10149 0.808032
10199 0.792347
10249 0.823129
10299 0.818503
10349 0.814691
10399 0.801073
10449 0.824689
10499 0.802277
10549 0.788081
10599 0.804533
10649 0.789133
10699 0.839023
10749 0.794209
10799 0.799311
10849 0.807936
10899 0.810935
10949 0.806887
10999 0.790891
11049 0.803733
11099 0.813371
11149 0.808017
11199 0.823214
11249 0.801661
11299 0.82436
11349 0.793325
11399 0.804244
11449 0.813276
11499 0.795751
11549 0.802105
11599 0.803117
11649 0.811501
11699 0.80095
11749 0.826251
11799 0.810115
11849 0.810201
11899 0.813276
11949 0.810093
11999 0.804151
12049 0.78663
12099 0.794654
12149 0.802196
12199 0.814382
12249 0.805696
12299 0.8017
12349 0.811524
12399 0.798272
12449 0.799481
12499 0.798863
12549 0.783225
12599 0.822423
12649 0.825641
12699 0.802274
12749 0.798619
12799 0.828737
12849 0.777073
12899 0.818028
12949 0.785357
12999 0.806204
13049 0.787324
13099 0.801437
13149 0.807979
13199 0.791013
13249 0.782523
13299 0.808135
13349 0.797089
13399 0.826701
13449 0.799845
13499 0.795075
13549 0.794529
13599 0.818275
13649 0.804663
13699 0.807801
13749 0.794326
13799 0.813936
13849 0.840246
13899 0.78704
13949 0.793388
13999 0.797293
14049 0.803278
14099 0.789659
14149 0.801851
14199 0.79852
14249 0.787914
14299 0.808392
14349 0.809265
14399 0.797731
14449 0.77143
14499 0.785298
14549 0.806825
14599 0.775801
14649 0.799722
14699 0.790197
14749 0.80685
14799 0.809495
14849 0.794908
14899 0.799395
14949 0.835249
14999 0.788065
15049 0.782378
15099 0.831272
15149 0.806921
15199 0.804342
15249 0.816676
15299 0.835232
15349 0.804872
15399 0.810488
15449 0.798076
15499 0.782188
15549 0.80424
15599 0.825444
15649 0.788384
15699 0.830101
15749 0.786279
15799 0.788156
15849 0.798651
15899 0.784131
15949 0.789967
15999 0.802947
16049 0.795567
16099 0.786235
16149 0.782527
16199 0.789232
16249 0.78923
16299 0.786868
16349 0.821722
16399 0.806866
16449 0.814588
16499 0.801715
16549 0.794748
16599 0.796349
16649 0.806235
16699 0.806672
16749 0.794499
16799 0.781861
16849 0.803492
16899 0.794849
16949 0.783515
16999 0.819635
17049 0.773892
17099 0.795603
17149 0.803758
17199 0.818101
17249 0.782007
17299 0.781124
17349 0.7873
17399 0.799237
17449 0.804531
17499 0.79165
17549 0.798493
17599 0.771394
17649 0.79177
17699 0.78091
17749 0.796384
17799 0.782858
17849 0.809141
17899 0.823676
17949 0.835524
17999 0.801323
18049 0.802997
18099 0.800254
18149 0.785905
18199 0.801298
18249 0.785951
18299 0.78149
18349 0.806645
18399 0.801958
18449 0.797062
18499 0.802946
18549 0.821054
18599 0.781474
18649 0.778937
18699 0.775159
18749 0.786587
18799 0.775981
18849 0.792203
18899 0.779387
18949 0.811545
18999 0.78963
19049 0.779782
19099 0.803772
19149 0.788266
19199 0.778777
19249 0.765948
19299 0.841508
19349 0.795566
19399 0.806203
19449 0.781253
19499 0.794105
19549 0.770099
19599 0.784847
19649 0.801683
19699 0.790629
19749 0.806479
19799 0.783166
19849 0.781442
19899 0.819284
19949 0.802248
19999 0.77371
20049 0.80722
20099 0.794765
20149 0.794007
20199 0.775243
20249 0.810247
20299 0.793177
20349 0.820855
20399 0.806366
20449 0.802929
20499 0.822852
20549 0.808431
20599 0.793282
20649 0.774981
20699 0.771857
20749 0.786245
20799 0.78141
20849 0.779949
20899 0.789573
20949 0.788686
20999 0.779242
21049 0.783728
21099 0.791785
21149 0.792663
21199 0.800926
21249 0.791483
21299 0.797523
21349 0.78223
21399 0.782484
21449 0.798446
21499 0.759114
21549 0.7885
21599 0.814726
21649 0.807865
21699 0.787168
21749 0.793424
21799 0.777021
21849 0.780382
21899 0.793717
21949 0.809842
21999 0.78701
22049 0.795522
22099 0.786308
22149 0.780908
22199 0.772883
22249 0.772821
22299 0.783261
22349 0.801205
22399 0.779422
22449 0.799781
22499 0.793361
22549 0.795841
22599 0.819804
22649 0.783813
22699 0.78158
22749 0.813185
22799 0.771383
22849 0.780094
22899 0.786461
22949 0.814262
22999 0.766121
23049 0.777603
23099 0.777809
23149 0.758861
23199 0.794766
23249 0.767829
23299 0.798576
23349 0.785503
23399 0.778993
23449 0.800862
23499 0.794779
23549 0.785612
23599 0.775396
23649 0.813888
23699 0.775193
23749 0.784006
23799 0.785655
23849 0.765779
23899 0.768949
23949 0.780939
23999 0.774694
24049 0.769935
24099 0.786329
24149 0.779988
24199 0.787972
24249 0.783812
24299 0.788319
24349 0.78215
24399 0.802582
24449 0.802573
24499 0.776876
24549 0.762334
24599 0.775208
24649 0.8043
24699 0.780916
24749 0.807061
24799 0.784529
24849 0.767322
24899 0.786289
24949 0.767692
24999 0.789268
25049 0.78674
25099 0.784345
25149 0.785224
25199 0.778355
25249 0.769435
25299 0.755311
25349 0.805982
25399 0.778282
25449 0.783122
25499 0.771949
25549 0.783912
25599 0.770955
25649 0.770656
25699 0.770628
25749 0.762932
25799 0.775623
25849 0.781829
25899 0.767264
25949 0.808911
25999 0.799261
26049 0.771685
26099 0.797744
26149 0.770227
26199 0.789925
26249 0.78237
26299 0.789647
26349 0.802248
26399 0.787288
26449 0.77677
26499 0.769188
26549 0.787573
26599 0.78049
26649 0.806521
26699 0.792452
26749 0.800577
26799 0.777643
26849 0.786925
26899 0.787054
26949 0.772808
26999 0.778219
27049 0.763398
27099 0.817491
27149 0.758346
27199 0.774931
27249 0.775775
27299 0.775995
27349 0.780477
27399 0.796675
27449 0.772262
27499 0.78804
27549 0.768988
27599 0.796884
27649 0.783014
27699 0.791578
27749 0.796101
27799 0.787413
27849 0.774256
27899 0.764632
27949 0.764969
27999 0.786098
28049 0.776338
28099 0.771294
28149 0.802905
28199 0.781491
28249 0.782154
28299 0.787705
28349 0.751954
28399 0.77001
28449 0.767522
28499 0.768202
28549 0.809173
28599 0.787972
28649 0.77137
28699 0.760264
28749 0.763217
28799 0.769785
28849 0.779894
28899 0.767586
28949 0.776618
28999 0.764205
29049 0.791362
29099 0.771692
29149 0.761037
29199 0.776507
29249 0.773662
29299 0.769075
29349 0.782609
29399 0.784187
29449 0.761551
29499 0.772612
29549 0.794811
29599 0.783047
29649 0.803686
29699 0.790019
29749 0.76635
29799 0.788231
29849 0.770896
29899 0.782765
29949 0.761288
29999 0.787018
30049 0.775304
30099 0.78153
30149 0.776774
30199 0.775697
30249 0.757232
30299 0.761247
30349 0.763001
30399 0.758738
30449 0.778736
30499 0.776499
30549 0.798269
30599 0.789894
30649 0.780332
30699 0.772474
30749 0.791727
30799 0.778599
30849 0.760758
30899 0.756643
30949 0.775982
30999 0.763415
31049 0.767171
31099 0.780273
31149 0.767582
31199 0.770402
31249 0.778542
31299 0.817584
31349 0.784682
31399 0.813395
31449 0.766372
31499 0.777408
31549 0.772344
31599 0.805519
31649 0.761885
31699 0.782212
31749 0.764642
31799 0.759831
31849 0.785138
31899 0.772018
31949 0.776133
31999 0.772269
32049 0.770375
32099 0.792441
32149 0.804193
32199 0.765265
32249 0.753055
32299 0.769168
32349 0.775328
32399 0.749415
32449 0.77535
32499 0.776997
32549 0.797572
32599 0.759282
32649 0.766656
32699 0.782109
32749 0.768068
32799 0.771113
32849 0.756356
32899 0.752835
32949 0.794813
32999 0.770545
33049 0.774648
33099 0.785318
33149 0.760563
33199 0.790122
33249 0.75495
33299 0.788032
33349 0.767068
33399 0.762271
33449 0.765475
33499 0.788248
33549 0.776704
33599 0.76791
33649 0.754024
33699 0.779509
33749 0.76835
33799 0.773396
33849 0.767741
33899 0.770962
33949 0.7721
33999 0.767875
34049 0.771684
34099 0.768708
34149 0.76305
34199 0.778902
34249 0.759473
34299 0.766245
34349 0.775715
34399 0.780248
34449 0.761423
34499 0.768758
34549 0.784023
34599 0.777973
34649 0.773792
34699 0.767409
34749 0.762176
34799 0.767425
34849 0.772935
34899 0.777396
34949 0.774194
34999 0.775891
35049 0.774356
35099 0.762697
35149 0.76578
35199 0.7738
35249 0.7677
35299 0.783786
35349 0.790587
35399 0.737662
35449 0.787597
35499 0.760119
35549 0.764978
35599 0.739124
35649 0.763843
35699 0.775551
35749 0.77042
35799 0.756887
35849 0.766181
35899 0.782253
35949 0.780654
35999 0.772794
36049 0.765135
36099 0.777001
36149 0.765499
36199 0.758403
36249 0.762801
36299 0.74867
36349 0.761376
36399 0.779474
36449 0.762721
36499 0.75013
36549 0.780121
36599 0.775632
36649 0.766077
36699 0.791851
36749 0.771552
36799 0.762366
36849 0.752703
36899 0.765456
36949 0.763145
36999 0.753275
37049 0.758312
37099 0.768938
37149 0.763612
37199 0.753743
37249 0.780128
37299 0.765619
37349 0.78177
37399 0.753345
37449 0.75226
37499 0.778939
37549 0.80075
37599 0.78233
37649 0.77018
37699 0.769103
37749 0.747658
37799 0.760564
37849 0.762068
37899 0.765045
37949 0.782736
37999 0.756872
38049 0.752967
38099 0.770531
38149 0.764827
38199 0.754699
38249 0.779107
38299 0.773709
38349 0.760108
38399 0.762539
38449 0.755685
38499 0.74422
38549 0.759347
38599 0.759555
38649 0.756058
38699 0.754437
38749 0.766287
38799 0.766063
38849 0.755528
38899 0.757085
38949 0.756923
38999 0.763326
39049 0.765631
39099 0.770867
39149 0.778116
39199 0.770357
39249 0.748653
39299 0.742431
39349 0.753174
39399 0.765995
39449 0.750923
39499 0.769724
39549 0.768088
39599 0.767549
39649 0.752759
39699 0.755369
39749 0.73528
39799 0.740343
39849 0.741726
39899 0.750175
39949 0.734811
39999 0.753203
