49 1.38508 1
99 1.37542 1
149 1.33176 1
199 1.23756 1
249 1.09774 1
299 0.964917 1
349 0.910152 1
399 0.885334 1
449 0.877103 1
499 0.861022 1
549 0.854014 1
599 0.849407 1
649 0.842788 1
699 0.840969 1
749 0.838767 1
799 0.830495 1
849 0.831352 1
899 0.824267 1
949 0.823179 1
999 0.822576 1
1049 0.817938 1
1099 0.818199 1
1149 0.813547 1
1199 0.814332 1
1249 0.80949 1
1299 0.80862 1
1349 0.804373 1
1399 0.805583 1
1449 0.80075 1
1499 0.801598 1
1549 0.794631 1
1599 0.795415 1
1649 0.793065 1
1699 0.78942 1
1749 0.78718 1
1799 0.785873 1
1849 0.784792 1
1899 0.782848 1
1949 0.7822 1
1999 0.781108 1
2049 0.781393 1
2099 0.775803 1
2149 0.77923 1
2199 0.779658 1
2249 0.775719 1
2299 0.771994 1
2349 0.776129 1
2399 0.771595 1
2449 0.772561 1
2499 0.771626 1
2549 0.771222 1
2599 0.768175 1
2649 0.770237 1
2699 0.765237 1
2749 0.767859 1
2799 0.769478 1
2849 0.764822 1
2899 0.767464 1
2949 0.762327 1
2999 0.763924 1
3049 0.76589 1
3099 0.761481 1
3149 0.76088 1
3199 0.762333 1
3249 0.764168 1
3299 0.761479 1
3349 0.763255 1
3399 0.761012 1
3449 0.761335 1
3499 0.758522 1
3549 0.75535 1
3599 0.760933 1
3649 0.75917 1
3699 0.760232 1
3749 0.75588 1
3799 0.755766 1
3849 0.755265 1
3899 0.76085 1
3949 0.756247 1
3999 0.755258 1
4049 0.756981 1
4099 0.756701 1
4149 0.754585 1
4199 0.751618 1
4249 0.758146 1
4299 0.751583 1
4349 0.756173 1
4399 0.75389 1
4449 0.752348 1
4499 0.747892 1
4549 0.754575 1
4599 0.749454 1
4649 0.750198 1
4699 0.751858 1
4749 0.748632 1
4799 0.750081 1
4849 0.751037 1
4899 0.749638 1
4949 0.748452 1
4999 0.750847 1
5049 0.74741 1
5099 0.751735 1
5149 0.747325 1
5199 0.748502 1
5249 0.747777 1
5299 0.748296 1
5349 0.747299 1
5399 0.750202 1
5449 0.74365 1
5499 0.744821 1
5549 0.744963 1
5599 0.74505 1
5649 0.742755 1
5699 0.749176 1
5749 0.743768 1
5799 0.744309 1
5849 0.745861 1
5899 0.741878 1
5949 0.745363 1
5999 0.74313 1
6049 0.744272 1
6099 0.73958 1
6149 0.743104 1
6199 0.743114 1
6249 0.741919 1
6299 0.741195 1
6349 0.743583 1
6399 0.742573 1
6449 0.744087 1
6499 0.746445 1
6549 0.738619 1
6599 0.739287 1
6649 0.739373 1
6699 0.737829 1
6749 0.739557 1
6799 0.739681 1
6849 0.738757 1
6899 0.744211 1
6949 0.737624 1
6999 0.737222 1
7049 0.739422 1
7099 0.741228 1
7149 0.73855 1
7199 0.740137 1
7249 0.736996 1
7299 0.738168 1
7349 0.740257 1
7399 0.736644 1
7449 0.736595 1
7499 0.740316 1
7549 0.736841 1
7599 0.734516 1
7649 0.738544 1
7699 0.738351 1
7749 0.734539 1
7799 0.7369 1
7849 0.736127 1
7899 0.737513 1
7949 0.736639 1
7999 0.73107 1
8049 0.735872 1
8099 0.734119 1
8149 0.734695 1
8199 0.73403 1
8249 0.732669 1
8299 0.735988 1
8349 0.735674 1
8399 0.736281 1
8449 0.735995 1
8499 0.735725 1
8549 0.733093 1
8599 0.732521 1
8649 0.736049 1
8699 0.729587 1
8749 0.727341 1
8799 0.729533 1
8849 0.730902 1
8899 0.730352 1
8949 0.730266 1
8999 0.733519 1
9049 0.731287 1
9099 0.732997 1
9149 0.73237 1
9199 0.732552 1
9249 0.725633 1
9299 0.730886 1
9349 0.732873 1
9399 0.730134 1
9449 0.728338 1
9499 0.727494 1
9549 0.734157 1
9599 0.730639 1
9649 0.7325 1
9699 0.732372 1
9749 0.727004 1
9799 0.728099 1
9849 0.727816 1
9899 0.726045 1
9949 0.728079 1
9999 0.729831 1
10049 0.728968 1
10099 0.729084 1
10149 0.726557 1
10199 0.731209 1
10249 0.727234 1
10299 0.726035 1
10349 0.727161 1
10399 0.72984 1
10449 0.727355 1
10499 0.726945 1
10549 0.728239 1
10599 0.72529 1
10649 0.725277 1
10699 0.724949 1
10749 0.72937 1
10799 0.724325 1
10849 0.724392 1
10899 0.726653 1
10949 0.727586 1
10999 0.726205 1
11049 0.724409 1
11099 0.722964 1
11149 0.725749 1
11199 0.727527 1
11249 0.72951 1
11299 0.724215 1
11349 0.725514 1
11399 0.724805 1
11449 0.725462 1
11499 0.725481 1
11549 0.724592 1
11599 0.724445 1
11649 0.72737 1
11699 0.72061 1
11749 0.722657 1
11799 0.727372 1
11849 0.723286 1
11899 0.724058 1
11949 0.720847 1
11999 0.718388 1
12049 0.718838 1
12099 0.722253 1
12149 0.723531 1
12199 0.72112 1
12249 0.725738 1
12299 0.721642 1
12349 0.719336 1
12399 0.721493 1
12449 0.722603 1
12499 0.720075 1
12549 0.723117 1
12599 0.724147 1
12649 0.72292 1
12699 0.72096 1
12749 0.717109 1
12799 0.723032 1
12849 0.721524 1
12899 0.721112 1
12949 0.718847 1
12999 0.7221 1
13049 0.716752 1
13099 0.720801 1
13149 0.718477 1
13199 0.717746 1
13249 0.718819 1
13299 0.718178 1
13349 0.714394 1
13399 0.716623 1
13449 0.716903 1
13499 0.721321 1
13549 0.718274 1
13599 0.715405 1
13649 0.720885 1
13699 0.717348 1
13749 0.715146 1
13799 0.716142 1
13849 0.716971 1
13899 0.718632 1
13949 0.717895 1
13999 0.715847 1
14049 0.716752 1
14099 0.713613 1
14149 0.715162 1
14199 0.712745 1
14249 0.715482 1
14299 0.71683 1
14349 0.711926 1
14399 0.711825 1
14449 0.716328 1
14499 0.711302 1
14549 0.715064 1
14599 0.712296 1
14649 0.714276 1
14699 0.715065 1
14749 0.714101 1
14799 0.71606 1
14849 0.716677 1
14899 0.711813 1
14949 0.710903 1
14999 0.711938 1
15049 0.711709 1
15099 0.712043 1
15149 0.714919 1
15199 0.710476 1
15249 0.711995 1
15299 0.711609 1
15349 0.71191 1
15399 0.711091 1
15449 0.712239 1
15499 0.712216 1
15549 0.71167 1
15599 0.710571 1
15649 0.70683 1
15699 0.711351 1
15749 0.711816 1
15799 0.71071 1
15849 0.709146 1
15899 0.711687 1
15949 0.710636 1
15999 0.708189 1
16049 0.702185 1
16099 0.707289 1
16149 0.703955 1
16199 0.706976 1
16249 0.706789 1
16299 0.707418 1
16349 0.707044 1
16399 0.70426 1
16449 0.703868 1
16499 0.705787 1
16549 0.703746 1
16599 0.707535 1
16649 0.703738 1
16699 0.703611 1
16749 0.703657 1
16799 0.704536 1
16849 0.707335 1
16899 0.702732 1
16949 0.705201 1
16999 0.706564 1
17049 0.70118 1
17099 0.705032 1
17149 0.703877 1
17199 0.702711 1
17249 0.704017 1
17299 0.702656 1
17349 0.702059 1
17399 0.703774 1
17449 0.704309 1
17499 0.703461 1
17549 0.705423 1
17599 0.701599 1
17649 0.703634 1
17699 0.708376 1
17749 0.703027 1
17799 0.703769 1
17849 0.699249 1
17899 0.69913 1
17949 0.701527 1
17999 0.698582 1
18049 0.705962 1
18099 0.701368 1
18149 0.699605 1
18199 0.698385 1
18249 0.700734 1
18299 0.697347 1
18349 0.698225 1
18399 0.699863 1
18449 0.699684 1
18499 0.704212 1
18549 0.700288 1
18599 0.702659 1
18649 0.695962 1
18699 0.698647 1
18749 0.696246 1
18799 0.696978 1
18849 0.698191 1
18899 0.699466 1
18949 0.698734 1
18999 0.699016 1
19049 0.701796 1
19099 0.698295 1
19149 0.697529 1
19199 0.69882 1
19249 0.69826 1
19299 0.692238 1
19349 0.699581 1
19399 0.696322 1
19449 0.694108 1
19499 0.695425 1
19549 0.696854 1
19599 0.694684 1
19649 0.697572 1
19699 0.691546 1
19749 0.69958 1
19799 0.692795 1
19849 0.696128 1
19899 0.696352 1
19949 0.696705 1
19999 0.692896 1
20049 0.697324 1
20099 0.695593 1
20149 0.694651 1
20199 0.695252 1
20249 0.693484 1
20299 0.68634 1
20349 0.698118 1
20399 0.693687 1
20449 0.694023 1
20499 0.696 1
20549 0.691725 1
20599 0.696311 1
20649 0.693973 1
20699 0.69293 1
20749 0.693042 1
20799 0.689854 1
20849 0.694345 1
20899 0.688482 1
20949 0.692585 1
20999 0.692084 1
21049 0.689386 1
21099 0.693592 1
21149 0.688288 1
21199 0.689819 1
21249 0.691264 1
21299 0.692655 1
21349 0.69264 1
21399 0.69763 1
21449 0.690417 1
21499 0.693737 1
21549 0.690938 1
21599 0.687692 1
21649 0.690362 1
21699 0.691338 1
21749 0.692857 1
21799 0.694129 1
21849 0.693152 1
21899 0.693026 1
21949 0.689254 1
21999 0.685799 1
22049 0.68834 1
22099 0.690701 1
22149 0.690639 1
22199 0.68935 1
22249 0.691056 1
22299 0.687017 1
22349 0.68877 1
22399 0.687966 1
22449 0.688117 1
22499 0.68966 1
22549 0.686103 1
22599 0.685525 1
22649 0.685862 1
22699 0.686848 1
22749 0.68446 1
22799 0.689839 1
22849 0.687018 1
22899 0.686151 1
22949 0.6836 1
22999 0.684252 1
23049 0.687519 1
23099 0.684759 1
23149 0.687399 1
23199 0.689851 1
23249 0.685566 1
23299 0.683635 1
23349 0.687473 1
23399 0.685416 1
23449 0.688529 1
23499 0.686674 1
23549 0.682764 1
23599 0.687314 1
23649 0.689096 1
23699 0.685452 1
23749 0.683218 1
23799 0.68645 1
23849 0.68377 1
23899 0.684522 1
23949 0.684491 1
23999 0.680577 1
24049 0.6802 1
24099 0.687374 1
24149 0.68068 1
24199 0.680287 1
24249 0.688511 1
24299 0.686564 1
24349 0.680703 1
24399 0.68245 1
24449 0.681174 1
24499 0.685889 1
24549 0.684642 1
24599 0.683311 1
24649 0.680633 1
24699 0.686154 1
24749 0.684153 1
24799 0.683586 1
24849 0.6842 1
24899 0.684937 1
24949 0.680762 1
24999 0.67918 1
25049 0.678918 1
25099 0.67975 1
25149 0.679468 1
25199 0.683588 1
25249 0.680108 1
25299 0.682691 1
25349 0.681864 1
25399 0.679643 1
25449 0.678258 1
25499 0.680475 1
25549 0.677644 1
25599 0.684051 1
25649 0.683941 1
25699 0.67754 1
25749 0.679257 1
25799 0.682084 1
25849 0.679145 1
25899 0.682428 1
25949 0.682172 1
25999 0.679954 1
26049 0.681061 1
26099 0.680535 1
26149 0.680755 1
26199 0.677638 1
26249 0.680571 1
26299 0.684053 1
26349 0.677348 1
26399 0.684403 1
26449 0.68133 1
26499 0.679714 1
26549 0.677534 1
26599 0.675958 1
26649 0.676297 1
26699 0.679806 1
26749 0.677896 1
26799 0.678608 1
26849 0.68076 1
26899 0.680608 1
26949 0.681245 1
26999 0.678122 1
27049 0.676552 1
27099 0.676587 1
27149 0.674614 1
27199 0.678804 1
27249 0.673823 1
27299 0.675789 1
27349 0.676812 1
27399 0.679433 1
27449 0.675683 1
27499 0.676926 1
27549 0.677049 1
27599 0.678223 1
27649 0.680161 1
27699 0.677766 1
27749 0.676219 1
27799 0.678508 1
27849 0.67868 1
27899 0.679965 1
27949 0.679004 1
27999 0.672851 1
28049 0.675177 1
28099 0.674104 1
28149 0.677024 1
28199 0.676851 1
28249 0.678599 1
28299 0.675454 1
28349 0.675805 1
28399 0.672088 1
28449 0.677491 1
28499 0.677685 1
28549 0.668762 1
28599 0.670913 1
28649 0.673383 1
28699 0.67705 1
28749 0.674045 1
28799 0.674198 1
28849 0.671865 1
28899 0.674455 1
28949 0.673427 1
28999 0.675112 1
29049 0.672598 1
29099 0.675132 1
29149 0.677283 1
29199 0.676802 1
29249 0.677088 1
29299 0.676646 1
29349 0.674766 1
29399 0.674578 1
29449 0.673834 1
29499 0.673114 1
29549 0.675437 1
29599 0.672387 1
29649 0.673221 1
29699 0.674202 1
29749 0.672059 1
29799 0.671083 1
29849 0.67458 1
29899 0.673327 1
29949 0.673411 1
29999 0.673036 1
30049 0.675758 1
30099 0.671968 1
30149 0.67706 1
30199 0.672593 1
30249 0.67228 1
30299 0.675052 1
30349 0.671852 1
30399 0.668757 1
30449 0.671482 1
30499 0.671401 1
30549 0.673992 1
30599 0.672124 1
30649 0.672854 1
30699 0.671909 1
30749 0.672226 1
30799 0.671422 1
30849 0.668454 1
30899 0.670446 1
30949 0.671642 1
30999 0.672163 1
31049 0.670365 1
31099 0.665264 1
31149 0.664803 1
31199 0.673784 1
31249 0.672783 1
31299 0.669471 1
31349 0.669404 1
31399 0.670446 1
31449 0.672127 1
31499 0.672004 1
31549 0.669393 1
31599 0.667773 1
31649 0.667915 1
31699 0.673008 1
31749 0.670828 1
31799 0.668534 1
31849 0.671403 1
31899 0.664987 1
31949 0.670333 1
31999 0.670697 1
32049 0.666947 1
32099 0.66718 1
32149 0.669931 1
32199 0.671529 1
32249 0.672355 1
32299 0.668827 1
32349 0.670849 1
32399 0.667544 1
32449 0.66547 1
32499 0.669489 1
32549 0.667549 1
32599 0.671631 1
32649 0.672116 1
32699 0.665371 1
32749 0.668891 1
32799 0.670777 1
32849 0.666109 1
32899 0.668174 1
32949 0.670179 1
32999 0.666697 1
33049 0.665822 1
33099 0.671423 1
33149 0.668357 1
33199 0.6667 1
33249 0.666184 1
33299 0.666713 1
33349 0.666971 1
33399 0.665289 1
33449 0.666363 1
33499 0.664124 1
33549 0.664957 1
33599 0.665154 1
33649 0.665992 1
33699 0.66773 1
33749 0.666689 1
33799 0.664764 1
33849 0.666419 1
33899 0.666693 1
33949 0.666778 1
33999 0.663364 1
34049 0.664791 1
34099 0.66632 1
34149 0.665951 1
34199 0.665505 1
34249 0.667396 1
34299 0.664742 1
34349 0.666901 1
34399 0.665197 1
34449 0.665784 1
34499 0.662002 1
34549 0.66151 1
34599 0.66588 1
34649 0.664627 1
34699 0.662434 1
34749 0.666254 1
34799 0.662762 1
34849 0.662924 1
34899 0.666707 1
34949 0.665419 1
34999 0.666887 1
35049 0.665224 1
35099 0.665006 1
35149 0.667612 1
35199 0.661601 1
35249 0.666339 1
35299 0.666148 1
35349 0.663622 1
35399 0.663254 1
35449 0.664302 1
35499 0.665435 1
35549 0.658982 1
35599 0.661945 1
35649 0.66764 1
35699 0.664456 1
35749 0.663192 1
35799 0.663147 1
35849 0.661069 1
35899 0.662458 1
35949 0.664108 1
35999 0.663943 1
36049 0.664201 1
36099 0.658786 1
36149 0.663195 1
36199 0.662449 1
36249 0.660872 1
36299 0.660614 1
36349 0.660533 1
36399 0.661265 1
36449 0.664025 1
36499 0.66364 1
36549 0.661451 1
36599 0.659848 1
36649 0.660694 1
36699 0.659146 1
36749 0.657579 1
36799 0.655123 1
36849 0.655663 1
36899 0.660467 1
36949 0.660203 1
36999 0.660242 1
37049 0.659602 1
37099 0.663343 1
37149 0.660319 1
37199 0.657662 1
37249 0.660657 1
37299 0.661149 1
37349 0.658014 1
37399 0.663948 1
37449 0.660192 1
37499 0.659953 1
37549 0.661061 1
37599 0.660853 1
37649 0.659307 1
37699 0.658174 1
37749 0.65414 1
37799 0.662309 1
37849 0.660161 1
37899 0.659683 1
37949 0.664049 1
37999 0.656911 1
38049 0.657718 1
38099 0.657472 1
38149 0.657114 1
38199 0.655413 1
38249 0.660667 1
38299 0.657884 1
38349 0.660602 1
38399 0.659287 1
38449 0.656788 1
38499 0.653113 1
38549 0.657709 1
38599 0.65619 1
38649 0.65774 1
38699 0.658311 1
38749 0.656736 1
38799 0.653502 1
38849 0.659628 1
38899 0.654844 1
38949 0.657295 1
38999 0.655994 1
39049 0.656521 1
39099 0.657334 1
39149 0.656729 1
39199 0.662097 1
39249 0.654784 1
39299 0.660178 1
39349 0.657815 1
39399 0.653512 1
39449 0.651374 1
39499 0.655078 1
39549 0.658304 1
39599 0.654787 1
39649 0.657135 1
39699 0.655607 1
39749 0.654224 1
39799 0.653329 1
39849 0.655736 1
39899 0.658047 1
39949 0.655574 1
39999 0.658736 1
