49 1.99461 0.0125 0.585585 0.490792 0.466015
99 1.98375 0.0125 0.565211 0.491292 0.487406
149 1.98911 0.0125 0.606671 0.499193 0.463506
199 1.98768 0.0125 0.583359 0.498829 0.511254
249 1.99774 0.0125 0.577108 0.500271 0.48823
299 1.99225 0.0125 0.617741 0.488768 0.453376
349 1.98239 0.0125 0.510714 0.508016 0.541429
399 1.98046 0.0125 0.582757 0.509483 0.482133
449 1.98624 0.0125 0.545353 0.483944 0.49251
499 1.99034 0.0125 0.550701 0.501742 0.514217
549 1.99686 0.0125 0.585222 0.510241 0.485052
599 1.99294 0.0125 0.526134 0.506977 0.545165
649 2.00115 0.0125 0.566413 0.514194 0.511143
699 1.99424 0.0125 0.57471 0.521519 0.515857
749 1.9941 0.0125 0.637985 0.52569 0.473458
799 1.99966 0.0125 0.576501 0.547651 0.53443
849 1.99821 0.0125 0.655671 0.557991 0.508076
899 1.98352 0.0125 0.673512 0.581428 0.545289
949 1.98038 0.0125 0.642251 0.618294 0.577985
999 1.97427 0.0125 0.67985 0.612435 0.619057
1049 1.89655 0.0125 0.678887 0.611605 0.638745
1099 1.71772 0.0125 0.685978 0.630936 0.625288
1149 1.57348 0.0125 0.689517 0.623473 0.58573
1199 1.47016 0.0125 0.676115 0.605917 0.585681
1249 1.41092 0.0125 0.673105 0.595524 0.564823
1299 1.35616 0.0125 0.675995 0.605272 0.548389
1349 1.29112 0.025 0.668941 0.600728 0.549976
1399 1.34866 0.05 0.665937 0.592252 0.540567
1449 1.67095 0.1 0.662582 0.609541 0.581496
1499 1.61045 0.1 0.661612 0.612034 0.582121
1549 1.57596 0.1 0.660815 0.60741 0.596618
1599 1.55704 0.1 0.667194 0.610064 0.607283
1649 1.52246 0.1 0.662841 0.614472 0.593366
1699 1.51212 0.1 0.668181 0.610337 0.583203
1749 1.48141 0.1 0.667766 0.612844 0.605884
1799 1.46344 0.1 0.677862 0.611944 0.602809
1849 1.44116 0.1 0.664851 0.617958 0.60868
1899 1.41886 0.1 0.66649 0.628242 0.60277
1949 1.40389 0.1 0.670635 0.605843 0.606082
1999 1.37938 0.1 0.664842 0.617818 0.614069
2049 1.81646 0.2 0.671011 0.620866 0.630445
2099 1.78253 0.2 0.66039 0.615279 0.63537
2149 1.76357 0.2 0.657498 0.608135 0.633058
2199 1.77119 0.2 0.657958 0.630054 0.644315
2249 1.76411 0.2 0.65664 0.632495 0.633006
2299 1.7535 0.2 0.666182 0.627986 0.634795
2349 1.74881 0.2 0.667178 0.616312 0.632182
2399 1.73988 0.2 0.666664 0.627148 0.644485
2449 1.74622 0.2 0.670874 0.614736 0.634872
2499 1.74132 0.2 0.669414 0.63279 0.636773
2549 1.73322 0.2 0.668765 0.644167 0.633226
2599 1.72753 0.2 0.68245 0.631392 0.649579
2649 1.72301 0.2 0.667918 0.614031 0.637785
2699 1.71311 0.2 0.670394 0.624468 0.645081
2749 1.71008 0.2 0.65638 0.626395 0.653006
2799 1.72364 0.2 0.669146 0.622242 0.643438
2849 1.69876 0.2 0.664102 0.627662 0.648053
2899 1.69466 0.2 0.667289 0.641278 0.626737
2949 1.70066 0.2 0.672433 0.623882 0.637725
2999 1.69428 0.2 0.668075 0.625928 0.64254
3049 1.68353 0.2 0.670889 0.623589 0.638266
3099 1.67953 0.2 0.656896 0.624773 0.646788
3149 1.68076 0.2 0.657489 0.625681 0.648985
3199 1.67819 0.2 0.664275 0.624929 0.652211
3249 1.67489 0.2 0.667879 0.622533 0.641532
3299 1.67304 0.2 0.649365 0.634915 0.653357
3349 1.65251 0.2 0.663875 0.629194 0.645856
3399 1.65547 0.2 0.658958 0.623672 0.64108
3449 1.66316 0.2 0.666537 0.632103 0.637481
3499 1.66674 0.2 0.66363 0.641612 0.651801
3549 1.63446 0.2 0.660562 0.639568 0.645979
3599 1.63702 0.2 0.670427 0.635794 0.641994
3649 1.63444 0.2 0.670454 0.628293 0.649005
3699 1.6512 0.2 0.669122 0.618995 0.646938
3749 1.62846 0.2 0.667593 0.64169 0.64186
3799 1.64612 0.2 0.66514 0.630719 0.655659
3849 1.62205 0.2 0.673246 0.622723 0.639617
3899 1.62992 0.2 0.669154 0.634755 0.654731
3949 1.62259 0.2 0.661036 0.63106 0.64943
3999 1.63543 0.2 0.677923 0.635812 0.642939
4049 1.60734 0.2 0.669603 0.625249 0.648392
4099 1.61801 0.2 0.657813 0.614546 0.649293
4149 1.6183 0.2 0.671252 0.62903 0.637913
4199 1.61289 0.2 0.655605 0.627459 0.652162
4249 1.59735 0.2 0.662619 0.62484 0.640597
4299 1.60162 0.2 0.670327 0.620066 0.64423
4349 1.59388 0.2 0.664221 0.636768 0.652593
4399 1.59569 0.2 0.666874 0.617874 0.651476
4449 1.59142 0.2 0.662959 0.626675 0.647754
4499 1.58124 0.2 0.673674 0.639169 0.648996
4549 1.58034 0.2 0.662762 0.636938 0.634377
4599 1.58352 0.2 0.671414 0.635527 0.640359
4649 1.58116 0.2 0.661072 0.616607 0.638982
4699 1.59147 0.2 0.654732 0.623189 0.650841
4749 1.5773 0.2 0.669147 0.630748 0.639391
4799 1.57486 0.2 0.663284 0.609664 0.64345
4849 1.56842 0.2 0.662538 0.62832 0.650626
4899 1.57148 0.2 0.658256 0.633476 0.651767
4949 1.5629 0.2 0.660977 0.634837 0.64793
4999 1.55347 0.2 0.661664 0.64184 0.643808
5049 1.5528 0.2 0.658691 0.634322 0.646501
5099 1.56224 0.2 0.661185 0.628095 0.652335
5149 1.54547 0.2 0.656202 0.629515 0.644722
5199 1.55641 0.2 0.665039 0.633086 0.657815
5249 1.54807 0.2 0.662015 0.632871 0.649115
5299 1.54149 0.2 0.657053 0.638961 0.651764
5349 1.53334 0.2 0.654942 0.63123 0.646132
5399 1.54539 0.2 0.664711 0.625429 0.649014
5449 1.53915 0.2 0.648713 0.621854 0.655834
5499 1.53023 0.2 0.670476 0.627928 0.643139
5549 1.52733 0.2 0.660169 0.632363 0.647971
5599 1.52447 0.2 0.657879 0.639265 0.649004
5649 1.54427 0.2 0.662848 0.620709 0.654863
5699 1.52337 0.2 0.669454 0.623673 0.653855
5749 1.52522 0.2 0.670845 0.634121 0.638876
5799 1.52809 0.2 0.659749 0.618732 0.655973
5849 1.5123 0.2 0.657891 0.636869 0.654684
5899 1.51923 0.2 0.667648 0.63634 0.647969
5949 1.51069 0.2 0.659565 0.633027 0.647425
5999 1.50131 0.2 0.649521 0.624969 0.647594
6049 1.49766 0.2 0.660635 0.612662 0.646809
6099 1.50894 0.2 0.653307 0.642209 0.643828
6149 1.51662 0.2 0.670165 0.630149 0.647683
6199 1.49862 0.2 0.658151 0.619526 0.652736
6249 1.5099 0.2 0.666479 0.637721 0.6544
6299 1.49165 0.2 0.665034 0.623129 0.641534
6349 1.49919 0.2 0.663944 0.617899 0.649997
6399 1.50206 0.2 0.667586 0.631141 0.646074
6449 1.48863 0.2 0.658629 0.634596 0.643412
6499 1.47478 0.2 0.672342 0.621328 0.650337
6549 1.48024 0.2 0.663934 0.643319 0.651504
6599 1.47188 0.2 0.646313 0.630139 0.65336
6649 1.47961 0.2 0.663129 0.623811 0.656029
6699 1.49025 0.2 0.66336 0.630206 0.653216
6749 1.46886 0.2 0.659039 0.629418 0.657314
6799 1.45207 0.2 0.665661 0.626167 0.650687
6849 1.47516 0.2 0.657393 0.638487 0.648081
6899 1.46793 0.2 0.664383 0.630502 0.640649
6949 1.47462 0.2 0.659292 0.620777 0.65157
6999 1.45719 0.2 0.659143 0.62401 0.650431
7049 1.45483 0.2 0.662178 0.62193 0.650048
7099 1.4652 0.2 0.657796 0.639565 0.643681
7149 1.45387 0.2 0.661361 0.624588 0.658761
7199 1.46096 0.2 0.658314 0.626774 0.653038
7249 1.42801 0.2 0.664017 0.63864 0.64304
7299 1.44776 0.2 0.663091 0.629965 0.656953
7349 1.44828 0.2 0.661276 0.63656 0.65382
7399 1.4387 0.2 0.662717 0.636464 0.64422
7449 1.45406 0.2 0.65831 0.647999 0.652439
7499 1.44 0.2 0.668199 0.626029 0.651955
7549 1.43804 0.2 0.647293 0.622818 0.652812
7599 1.42378 0.2 0.65435 0.621042 0.645394
7649 1.43199 0.2 0.66873 0.639737 0.651515
7699 1.43992 0.2 0.66927 0.632593 0.657288
7749 1.42409 0.2 0.664412 0.631192 0.658812
7799 1.43372 0.2 0.661139 0.640731 0.65151
7849 1.44273 0.2 0.662469 0.637463 0.647133
7899 1.41765 0.2 0.662613 0.634587 0.650211
7949 1.4221 0.2 0.664002 0.625814 0.643599
7999 1.42025 0.2 0.672609 0.61985 0.652184
8049 1.41818 0.2 0.665394 0.62459 0.650536
8099 1.42358 0.2 0.664686 0.620962 0.655158
8149 1.40004 0.2 0.657673 0.628975 0.645079
8199 1.41257 0.2 0.651143 0.63911 0.661091
8249 1.42153 0.2 0.670515 0.628747 0.646652
8299 1.4036 0.2 0.655771 0.633086 0.661032
8349 1.41267 0.2 0.671547 0.638956 0.651782
8399 1.39445 0.2 0.6731 0.642349 0.649065
8449 1.87808 0.4 0.650892 0.629141 0.661566
8499 1.86467 0.4 0.661777 0.632268 0.650726
8549 1.85413 0.4 0.666775 0.630137 0.655009
8599 1.85664 0.4 0.653854 0.622348 0.651666
8649 1.8503 0.4 0.658619 0.635973 0.6525
8699 1.85298 0.4 0.661194 0.63401 0.646044
8749 1.85237 0.4 0.676177 0.642406 0.655568
8799 1.84564 0.4 0.665264 0.635518 0.651354
8849 1.85252 0.4 0.65708 0.641268 0.659751
8899 1.83993 0.4 0.668712 0.621001 0.655878
8949 1.83959 0.4 0.655001 0.639645 0.651085
8999 1.85363 0.4 0.66599 0.635029 0.657664
9049 1.84544 0.4 0.653679 0.643676 0.659897
9099 1.84151 0.4 0.651224 0.638051 0.654035
9149 1.84087 0.4 0.653591 0.620987 0.651704
9199 1.83987 0.4 0.663559 0.640304 0.648414
9249 1.85158 0.4 0.664868 0.635985 0.658144
9299 1.84348 0.4 0.65886 0.624516 0.650233
9349 1.83711 0.4 0.670213 0.644002 0.654811
9399 1.84713 0.4 0.672314 0.633448 0.652886
9449 1.85432 0.4 0.640893 0.636536 0.64789
9499 1.83844 0.4 0.658805 0.649028 0.657639
9549 1.83995 0.4 0.666937 0.62602 0.65076
9599 1.84014 0.4 0.663856 0.642681 0.655673
9649 1.85088 0.4 0.670019 0.631418 0.645701
9699 1.84335 0.4 0.662761 0.64405 0.660878
9749 1.84659 0.4 0.673034 0.635183 0.648589
9799 1.83214 0.4 0.660628 0.622854 0.643731
9849 1.83321 0.4 0.670196 0.633258 0.644724
9899 1.8328 0.4 0.66005 0.622902 0.641589
9949 1.83994 0.4 0.656684 0.63362 0.656643
9999 1.84291 0.4 0.660967 0.640654 0.645404
10049 1.83522 0.4 0.650906 0.633665 0.645918
10099 1.8321 0.4 0.66543 0.643717 0.659859
10149 1.8318 0.4 0.671451 0.632495 0.649701
10199 1.82783 0.4 0.677706 0.641822 0.663149
10249 1.83831 0.4 0.649558 0.622617 0.647579
10299 1.81623 0.4 0.670038 0.62946 0.651718
10349 1.83663 0.4 0.658801 0.634073 0.650489
10399 1.83432 0.4 0.657977 0.636344 0.646871
10449 1.82491 0.4 0.650876 0.632657 0.646107
10499 1.83218 0.4 0.659523 0.632229 0.649796
10549 1.83485 0.4 0.653506 0.629116 0.647656
10599 1.82132 0.4 0.661156 0.633058 0.647859
10649 1.83369 0.4 0.662682 0.633836 0.642471
10699 1.8289 0.4 0.657076 0.626318 0.654871
10749 1.81615 0.4 0.653373 0.636359 0.654855
10799 1.82475 0.4 0.663884 0.621839 0.647952
10849 1.83986 0.4 0.656325 0.62626 0.660755
10899 1.83894 0.4 0.653544 0.633715 0.662593
10949 1.82571 0.4 0.664506 0.632979 0.646756
10999 1.84551 0.4 0.663468 0.626001 0.650722
11049 1.84437 0.4 0.654075 0.637029 0.64956
11099 1.82657 0.4 0.666711 0.631496 0.652031
11149 1.83487 0.4 0.659348 0.640383 0.647912
11199 1.81675 0.4 0.662397 0.638885 0.658399
11249 1.82928 0.4 0.668365 0.63763 0.650318
11299 1.82447 0.4 0.652439 0.628844 0.65232
11349 1.82452 0.4 0.664695 0.631797 0.649615
11399 1.82191 0.4 0.665074 0.630942 0.6457
11449 1.83655 0.4 0.649097 0.649365 0.649716
11499 1.82722 0.4 0.663573 0.637077 0.652859
11549 1.82933 0.4 0.648247 0.648882 0.652532
11599 1.8351 0.4 0.661172 0.648879 0.651773
11649 1.83062 0.4 0.659701 0.617177 0.654557
11699 1.84249 0.4 0.667884 0.628025 0.656977
11749 1.8323 0.4 0.643736 0.631381 0.649428
11799 1.82492 0.4 0.665218 0.650017 0.644576
11849 1.81827 0.4 0.65406 0.636946 0.651246
11899 1.83369 0.4 0.671266 0.628409 0.655729
11949 1.81307 0.4 0.65877 0.619395 0.660341
11999 1.83293 0.4 0.651176 0.633105 0.652359
12049 1.82079 0.4 0.654165 0.625723 0.653021
12099 1.81794 0.4 0.660881 0.630463 0.647675
12149 1.83944 0.4 0.661094 0.634111 0.646166
12199 1.8133 0.4 0.653612 0.643816 0.660336
12249 1.82242 0.4 0.67078 0.632944 0.653839
12299 1.82702 0.4 0.669276 0.629549 0.654065
12349 1.82535 0.4 0.661872 0.646118 0.652773
12399 1.8299 0.4 0.67936 0.631544 0.66411
12449 1.81855 0.4 0.65475 0.633267 0.646945
12499 1.83073 0.4 0.638364 0.639464 0.653321
12549 1.81753 0.4 0.667808 0.638135 0.653235
12599 1.82713 0.4 0.657326 0.639429 0.655013
12649 1.82649 0.4 0.660095 0.640828 0.640852
12699 1.81449 0.4 0.664624 0.62872 0.652949
12749 1.81883 0.4 0.661079 0.630396 0.644796
12799 1.82293 0.4 0.66456 0.632972 0.657854
12849 1.8263 0.4 0.662806 0.637637 0.645563
12899 1.83039 0.4 0.656773 0.62334 0.654515
12949 1.82139 0.4 0.660886 0.63778 0.641912
12999 1.82325 0.4 0.656104 0.632172 0.655205
13049 1.82017 0.4 0.665773 0.625045 0.655752
13099 1.81241 0.4 0.649353 0.639959 0.651471
13149 1.81199 0.4 0.657627 0.626077 0.645536
13199 1.82499 0.4 0.653314 0.623875 0.654748
13249 1.81163 0.4 0.66377 0.642834 0.654084
13299 1.81709 0.4 0.65653 0.633068 0.651416
13349 1.8089 0.4 0.64974 0.649077 0.645019
13399 1.83609 0.4 0.65033 0.629482 0.659881
13449 1.83229 0.4 0.661957 0.650376 0.659759
13499 1.83185 0.4 0.668685 0.638553 0.656447
13549 1.81827 0.4 0.655593 0.63364 0.649867
13599 1.83426 0.4 0.658046 0.631478 0.647026
13649 1.82825 0.4 0.664104 0.627366 0.653513
13699 1.81615 0.4 0.646605 0.629759 0.65244
13749 1.81844 0.4 0.663191 0.636285 0.655633
13799 1.80715 0.4 0.666682 0.638834 0.657176
13849 1.82681 0.4 0.662378 0.641104 0.647819
13899 1.81108 0.4 0.6558 0.63381 0.652264
13949 1.82525 0.4 0.664378 0.644879 0.653934
13999 1.8156 0.4 0.673509 0.627646 0.658763
14049 1.81947 0.4 0.663368 0.63732 0.64595
14099 1.82013 0.4 0.663549 0.638326 0.66186
14149 1.81371 0.4 0.666051 0.632696 0.64484
14199 1.80923 0.4 0.658416 0.636264 0.653289
14249 1.80607 0.4 0.661407 0.629136 0.658148
14299 1.81346 0.4 0.675888 0.637799 0.652098
14349 1.81533 0.4 0.676509 0.627814 0.649348
14399 1.81392 0.4 0.659779 0.637512 0.650917
14449 1.81103 0.4 0.65168 0.627228 0.644101
14499 1.81162 0.4 0.66359 0.629527 0.655932
14549 1.81211 0.4 0.657926 0.631217 0.653989
14599 1.81894 0.4 0.666533 0.627928 0.645724
14649 1.82273 0.4 0.662624 0.626877 0.636588
14699 1.80832 0.4 0.655727 0.631846 0.652823
14749 1.82038 0.4 0.661429 0.633855 0.647442
14799 1.8191 0.4 0.6566 0.623571 0.645399
14849 1.8206 0.4 0.6535 0.633982 0.65054
14899 1.82109 0.4 0.670985 0.626197 0.651038
14949 1.8181 0.4 0.658224 0.641532 0.647027
14999 1.81395 0.4 0.667802 0.631367 0.647592
15049 1.80954 0.4 0.665654 0.636021 0.650183
15099 1.81346 0.4 0.662693 0.628522 0.656735
15149 1.81048 0.4 0.664986 0.641781 0.634575
15199 1.82153 0.4 0.650355 0.63663 0.657423
15249 1.81114 0.4 0.665591 0.634618 0.645958
15299 1.80936 0.4 0.665296 0.642171 0.644404
15349 1.80471 0.4 0.667132 0.624309 0.644916
15399 1.81929 0.4 0.65689 0.608497 0.64531
15449 1.80258 0.4 0.678389 0.625434 0.646792
15499 1.81895 0.4 0.656804 0.636796 0.653819
15549 1.8207 0.4 0.656148 0.641422 0.653844
15599 1.80623 0.4 0.671535 0.626157 0.657138
15649 1.81078 0.4 0.650477 0.628088 0.643915
15699 1.80239 0.4 0.668637 0.630063 0.658243
15749 1.80844 0.4 0.662654 0.62401 0.652514
15799 1.81306 0.4 0.666398 0.628048 0.647623
15849 1.81772 0.4 0.656659 0.63549 0.656806
15899 1.80281 0.4 0.669759 0.63212 0.651462
15949 1.80488 0.4 0.665804 0.631434 0.649541
15999 1.8141 0.4 0.657949 0.627423 0.655699
16049 1.79785 0.4 0.664222 0.625352 0.65494
16099 1.81429 0.4 0.670075 0.641515 0.656353
16149 1.81037 0.4 0.668841 0.632172 0.660332
16199 1.80133 0.4 0.671261 0.631635 0.639125
16249 1.80516 0.4 0.663635 0.650003 0.641207
16299 1.80448 0.4 0.66249 0.642626 0.645191
16349 1.79253 0.4 0.657822 0.641872 0.65544
16399 1.80601 0.4 0.659961 0.635209 0.643331
16449 1.80253 0.4 0.663752 0.621601 0.655998
16499 1.81474 0.4 0.653507 0.628034 0.646588
16549 1.79931 0.4 0.662845 0.651204 0.654591
16599 1.81821 0.4 0.641524 0.633054 0.646851
16649 1.80364 0.4 0.661756 0.632555 0.654507
16699 1.80163 0.4 0.65746 0.633041 0.647462
16749 1.82071 0.4 0.65983 0.63828 0.657579
16799 1.81354 0.4 0.666893 0.640757 0.652902
16849 1.79755 0.4 0.663363 0.632081 0.657402
16899 1.79277 0.4 0.661596 0.655167 0.657668
16949 1.80722 0.4 0.66359 0.632449 0.650406
16999 1.80161 0.4 0.652435 0.625674 0.661086
17049 1.79367 0.4 0.658538 0.64543 0.643614
17099 1.80503 0.4 0.670331 0.62281 0.647853
17149 1.80149 0.4 0.657733 0.622244 0.653159
17199 1.791 0.4 0.662033 0.638327 0.642322
17249 1.81438 0.4 0.661697 0.62636 0.650622
17299 1.80779 0.4 0.655852 0.642389 0.656317
17349 1.79634 0.4 0.66681 0.634216 0.639938
17399 1.8055 0.4 0.661022 0.628738 0.659127
17449 1.80298 0.4 0.64256 0.636176 0.645467
17499 1.807 0.4 0.656177 0.630904 0.656675
17549 1.80943 0.4 0.659358 0.627717 0.648574
17599 1.80791 0.4 0.657425 0.628812 0.655532
17649 1.80136 0.4 0.668381 0.643364 0.658536
17699 1.80021 0.4 0.672795 0.627633 0.650586
17749 1.79457 0.4 0.666615 0.63032 0.656598
17799 1.78641 0.4 0.659293 0.633063 0.648071
17849 1.80525 0.4 0.660853 0.648961 0.659214
17899 1.80585 0.4 0.661283 0.636936 0.654523
17949 1.80812 0.4 0.675702 0.641279 0.655372
17999 1.79175 0.4 0.657324 0.636641 0.646623
18049 1.79548 0.4 0.665565 0.618791 0.656024
18099 1.79393 0.4 0.653576 0.642467 0.655366
18149 1.8008 0.4 0.666872 0.649208 0.648503
18199 1.79733 0.4 0.655818 0.640841 0.651305
18249 1.79636 0.4 0.660138 0.633609 0.656978
18299 1.80191 0.4 0.665613 0.640454 0.650901
18349 1.7877 0.4 0.664076 0.633795 0.651865
18399 1.7877 0.4 0.657763 0.641123 0.643167
18449 1.80275 0.4 0.663075 0.633438 0.652525
18499 1.79976 0.4 0.655428 0.631141 0.655794
18549 1.80458 0.4 0.667052 0.632562 0.650866
18599 1.79976 0.4 0.666181 0.639548 0.651784
18649 1.80259 0.4 0.66771 0.635571 0.65003
18699 1.78737 0.4 0.668252 0.633154 0.656753
18749 1.79493 0.4 0.665162 0.641729 0.648349
18799 1.79927 0.4 0.65809 0.635819 0.652149
18849 1.78609 0.4 0.659464 0.636583 0.656102
18899 1.78107 0.4 0.659659 0.623192 0.655362
18949 1.79493 0.4 0.661492 0.638011 0.652497
18999 1.78869 0.4 0.658078 0.643383 0.659241
19049 1.79378 0.4 0.652396 0.628069 0.652053
19099 1.79227 0.4 0.667365 0.648289 0.660129
19149 1.79867 0.4 0.669687 0.639506 0.647377
19199 1.79561 0.4 0.671983 0.634267 0.657542
19249 1.79007 0.4 0.66696 0.627662 0.644793
19299 1.79953 0.4 0.66528 0.629697 0.647516
19349 1.79726 0.4 0.662894 0.62779 0.652883
19399 1.78855 0.4 0.664157 0.638817 0.646887
19449 1.79201 0.4 0.664676 0.616858 0.647024
19499 1.78954 0.4 0.660935 0.635236 0.645766
19549 1.78715 0.4 0.66304 0.630974 0.643582
19599 1.78699 0.4 0.658014 0.639454 0.649936
19649 1.80274 0.4 0.659825 0.636354 0.650239
19699 1.79247 0.4 0.677782 0.630171 0.657375
19749 1.79257 0.4 0.654986 0.635516 0.645599
19799 1.80055 0.4 0.655745 0.635538 0.645269
19849 1.79578 0.4 0.657734 0.625036 0.649154
19899 1.79417 0.4 0.655926 0.610349 0.651884
19949 1.80758 0.4 0.669232 0.632869 0.655168
19999 1.79717 0.4 0.673022 0.625522 0.661557
20049 1.79402 0.4 0.672189 0.630702 0.646481
20099 1.7968 0.4 0.661937 0.637835 0.655906
20149 1.79078 0.4 0.657378 0.618185 0.653611
20199 1.79347 0.4 0.653271 0.624609 0.649011
20249 1.78927 0.4 0.660793 0.637594 0.660968
20299 1.78514 0.4 0.664572 0.620094 0.654167
20349 1.7957 0.4 0.671572 0.638913 0.651526
20399 1.78645 0.4 0.667098 0.624492 0.652575
20449 1.79756 0.4 0.65499 0.633373 0.644405
20499 1.78484 0.4 0.663863 0.631781 0.645473
20549 1.78989 0.4 0.661294 0.6277 0.65714
20599 1.78091 0.4 0.657115 0.63432 0.654096
20649 1.77739 0.4 0.653119 0.641814 0.658539
20699 1.79354 0.4 0.659933 0.642512 0.640261
20749 1.78976 0.4 0.652743 0.615656 0.65217
20799 1.77524 0.4 0.659306 0.628578 0.648395
20849 1.78437 0.4 0.656514 0.625354 0.649041
20899 1.78092 0.4 0.666538 0.617876 0.648221
20949 1.78695 0.4 0.655187 0.639846 0.653441
20999 1.78681 0.4 0.672601 0.631535 0.64899
21049 1.79362 0.4 0.674192 0.651747 0.654442
21099 1.77959 0.4 0.663315 0.642016 0.658556
21149 1.77789 0.4 0.652942 0.634929 0.654285
21199 1.78705 0.4 0.661766 0.61791 0.650084
21249 1.78158 0.4 0.651607 0.631328 0.650319
21299 1.77386 0.4 0.659864 0.631296 0.650352
21349 1.79262 0.4 0.657598 0.638524 0.653817
21399 1.79617 0.4 0.667123 0.613913 0.646702
21449 1.78997 0.4 0.662713 0.624606 0.653108
21499 1.78207 0.4 0.6727 0.636345 0.643054
21549 1.77533 0.4 0.655376 0.632131 0.654983
21599 1.78379 0.4 0.663376 0.633232 0.653485
21649 1.79457 0.4 0.673322 0.632206 0.646717
21699 1.77978 0.4 0.66439 0.644068 0.650186
21749 1.78621 0.4 0.660858 0.646535 0.645052
21799 1.77083 0.4 0.66882 0.623011 0.647964
21849 1.79039 0.4 0.662402 0.638407 0.650864
21899 1.77789 0.4 0.670792 0.624026 0.644725
21949 1.78288 0.4 0.659154 0.62537 0.656465
21999 1.76731 0.4 0.657838 0.636281 0.651806
22049 1.78237 0.4 0.661508 0.636615 0.652237
22099 1.78512 0.4 0.655117 0.627484 0.642536
22149 1.78366 0.4 0.657369 0.62841 0.642521
22199 1.77216 0.4 0.654882 0.636866 0.658967
22249 1.78812 0.4 0.653283 0.644759 0.648804
22299 1.78736 0.4 0.671863 0.632834 0.645695
22349 1.7909 0.4 0.667165 0.636285 0.653489
22399 1.77864 0.4 0.655788 0.631848 0.64902
22449 1.78661 0.4 0.662791 0.633352 0.651792
22499 1.78775 0.4 0.655615 0.630152 0.646996
22549 1.77209 0.4 0.663269 0.636074 0.645203
22599 1.77117 0.4 0.667431 0.633001 0.644062
22649 1.78426 0.4 0.667025 0.634365 0.658965
22699 1.78279 0.4 0.657574 0.630854 0.644998
22749 1.79052 0.4 0.657747 0.63292 0.654974
22799 1.78354 0.4 0.660148 0.635411 0.656018
22849 1.80061 0.4 0.661751 0.638545 0.660817
22899 1.78488 0.4 0.670031 0.62103 0.653577
22949 1.77924 0.4 0.665456 0.630618 0.647631
22999 1.78547 0.4 0.672977 0.640464 0.651625
23049 1.79937 0.4 0.660018 0.630102 0.656769
23099 1.77611 0.4 0.652979 0.633851 0.644805
23149 1.78572 0.4 0.657145 0.632707 0.643168
23199 1.76864 0.4 0.663712 0.641185 0.655535
23249 1.78762 0.4 0.660159 0.636626 0.65654
23299 1.7681 0.4 0.667819 0.624777 0.650969
23349 1.77994 0.4 0.661487 0.634676 0.646663
23399 1.7782 0.4 0.661277 0.634371 0.651251
23449 1.78214 0.4 0.666709 0.643737 0.648144
23499 1.78078 0.4 0.657991 0.638297 0.639073
23549 1.78413 0.4 0.661396 0.63015 0.648556
23599 1.78829 0.4 0.66687 0.629677 0.651267
23649 1.77953 0.4 0.667349 0.629955 0.64767
23699 1.77235 0.4 0.652544 0.633845 0.656601
23749 1.78106 0.4 0.661501 0.640095 0.648858
23799 1.77522 0.4 0.654698 0.634308 0.654045
23849 1.78025 0.4 0.657321 0.62688 0.648522
23899 1.77731 0.4 0.66083 0.633967 0.662474
23949 1.77274 0.4 0.666543 0.631614 0.647469
23999 1.78743 0.4 0.66638 0.630353 0.6575
24049 1.77071 0.4 0.667438 0.62648 0.641889
24099 1.78964 0.4 0.662454 0.634205 0.64992
24149 1.77637 0.4 0.656087 0.646223 0.658318
24199 1.75062 0.4 0.66327 0.625422 0.653485
24249 1.76994 0.4 0.655112 0.650294 0.647963
24299 1.76973 0.4 0.649065 0.637303 0.647649
24349 1.77596 0.4 0.65718 0.625885 0.655115
24399 1.76917 0.4 0.677312 0.629923 0.649919
24449 1.76578 0.4 0.657987 0.630627 0.654617
24499 1.76734 0.4 0.658523 0.642308 0.650562
24549 1.76243 0.4 0.675797 0.636259 0.649946
24599 1.77827 0.4 0.670461 0.61898 0.657541
24649 1.77243 0.4 0.645733 0.632162 0.645503
24699 1.76605 0.4 0.664743 0.636322 0.648248
24749 1.76492 0.4 0.65992 0.638978 0.654074
24799 1.78628 0.4 0.660747 0.62183 0.64222
24849 1.77439 0.4 0.652343 0.635689 0.648633
24899 1.77114 0.4 0.660986 0.642873 0.648649
24949 1.77181 0.4 0.655156 0.640344 0.658798
24999 1.76418 0.4 0.672387 0.63418 0.648906
25049 1.7749 0.4 0.653005 0.635717 0.660423
25099 1.77328 0.4 0.660417 0.643273 0.656225
25149 1.77409 0.4 0.664407 0.626591 0.643984
25199 1.77593 0.4 0.665495 0.640323 0.646095
25249 1.77375 0.4 0.651715 0.628539 0.641349
25299 1.77196 0.4 0.659783 0.629985 0.642967
25349 1.76472 0.4 0.643115 0.64074 0.645553
25399 1.76077 0.4 0.660621 0.62943 0.656622
25449 1.78191 0.4 0.668441 0.634109 0.650655
25499 1.7647 0.4 0.660168 0.617434 0.64825
25549 1.76775 0.4 0.662007 0.642156 0.652503
25599 1.77295 0.4 0.669954 0.642569 0.654808
25649 1.77669 0.4 0.651428 0.636868 0.648445
25699 1.78772 0.4 0.654375 0.637469 0.649614
25749 1.76913 0.4 0.657851 0.63208 0.653521
25799 1.77248 0.4 0.658226 0.624663 0.649445
25849 1.76502 0.4 0.673896 0.631532 0.656093
25899 1.77264 0.4 0.662298 0.637296 0.653515
25949 1.76013 0.4 0.663745 0.64173 0.653786
25999 1.75597 0.4 0.655658 0.632917 0.649546
26049 1.76024 0.4 0.664419 0.634368 0.645202
26099 1.76652 0.4 0.664426 0.647628 0.644729
26149 1.77325 0.4 0.650411 0.635272 0.642512
26199 1.7643 0.4 0.653202 0.64015 0.653594
26249 1.78972 0.4 0.66554 0.634427 0.649118
26299 1.78154 0.4 0.662881 0.644426 0.649821
26349 1.76399 0.4 0.653138 0.63581 0.647369
26399 1.77083 0.4 0.659024 0.629282 0.644055
26449 1.77721 0.4 0.65223 0.649052 0.649945
26499 1.77417 0.4 0.665724 0.647585 0.653433
26549 1.771 0.4 0.650297 0.634439 0.660374
26599 1.77557 0.4 0.642159 0.646148 0.647607
26649 1.76784 0.4 0.642724 0.63106 0.655097
26699 1.76943 0.4 0.668423 0.630199 0.652933
26749 1.76772 0.4 0.659443 0.628474 0.653684
26799 1.7749 0.4 0.664183 0.638306 0.654148
26849 1.76883 0.4 0.654756 0.625862 0.648402
26899 1.76006 0.4 0.655525 0.630594 0.642553
26949 1.77019 0.4 0.660852 0.634925 0.659281
26999 1.78107 0.4 0.666768 0.62698 0.648711
27049 1.78485 0.4 0.661122 0.641881 0.641548
27099 1.76096 0.4 0.662083 0.627287 0.64364
27149 1.76577 0.4 0.662385 0.643244 0.648423
27199 1.76282 0.4 0.659937 0.632006 0.652225
27249 1.77158 0.4 0.660554 0.63227 0.654752
27299 1.77102 0.4 0.646885 0.636719 0.653045
27349 1.75448 0.4 0.658784 0.647118 0.644877
27399 1.77251 0.4 0.674367 0.639746 0.659528
27449 1.75481 0.4 0.667989 0.623114 0.654166
27499 1.76471 0.4 0.66155 0.626498 0.644798
27549 1.77782 0.4 0.669931 0.625143 0.652982
27599 1.75987 0.4 0.644359 0.635696 0.650494
27649 1.76723 0.4 0.65219 0.630341 0.651967
27699 1.76314 0.4 0.663334 0.637455 0.645238
27749 1.75749 0.4 0.653542 0.647694 0.655665
27799 1.75897 0.4 0.65577 0.629724 0.655475
27849 1.77342 0.4 0.657949 0.637374 0.658242
27899 1.76543 0.4 0.65975 0.6228 0.654087
27949 1.76758 0.4 0.654896 0.635041 0.646144
27999 1.76484 0.4 0.663213 0.636675 0.655048
28049 1.76428 0.4 0.662876 0.624895 0.647106
28099 1.76393 0.4 0.662002 0.638803 0.651965
28149 1.76956 0.4 0.653521 0.632094 0.650548
28199 1.76995 0.4 0.665991 0.645204 0.650677
28249 1.76489 0.4 0.661268 0.643855 0.652003
28299 1.76495 0.4 0.668661 0.638451 0.647881
28349 1.77416 0.4 0.663414 0.62868 0.653845
28399 1.75482 0.4 0.654917 0.625795 0.659456
28449 1.7745 0.4 0.657243 0.634884 0.652556
28499 1.76048 0.4 0.65914 0.638856 0.643712
28549 1.76694 0.4 0.6614 0.626365 0.646843
28599 1.75907 0.4 0.660092 0.614049 0.652011
28649 1.77587 0.4 0.662672 0.642687 0.648792
28699 1.764 0.4 0.658481 0.61843 0.637004
28749 1.77206 0.4 0.659491 0.640333 0.655793
28799 1.76425 0.4 0.656059 0.627001 0.651528
28849 1.75653 0.4 0.660026 0.636299 0.649707
28899 1.76082 0.4 0.656331 0.636585 0.648643
28949 1.75748 0.4 0.660339 0.631036 0.657634
28999 1.76594 0.4 0.664339 0.626369 0.654824
29049 1.76952 0.4 0.662729 0.630423 0.657819
29099 1.77058 0.4 0.671087 0.640304 0.654569
29149 1.76546 0.4 0.65135 0.642772 0.653354
29199 1.76105 0.4 0.656487 0.633349 0.653437
29249 1.76649 0.4 0.663014 0.634768 0.65577
29299 1.76259 0.4 0.657047 0.621438 0.649991
29349 1.76957 0.4 0.672306 0.632967 0.655301
29399 1.76345 0.4 0.660839 0.619001 0.643509
29449 1.75623 0.4 0.663768 0.648584 0.644064
29499 1.76249 0.4 0.656858 0.63694 0.653579
29549 1.75537 0.4 0.652819 0.635421 0.653928
29599 1.76289 0.4 0.665426 0.626405 0.652506
29649 1.77015 0.4 0.654083 0.635951 0.639308
29699 1.76788 0.4 0.646835 0.635303 0.653046
29749 1.75757 0.4 0.660051 0.65304 0.655016
29799 1.75608 0.4 0.663451 0.638494 0.653742
29849 1.76717 0.4 0.667822 0.632057 0.643884
29899 1.75892 0.4 0.659286 0.621595 0.644398
29949 1.76422 0.4 0.65955 0.634819 0.646314
29999 1.76802 0.4 0.665486 0.626625 0.645964
30049 1.76036 0.4 0.648294 0.625727 0.642579
30099 1.76766 0.4 0.650515 0.636609 0.653787
30149 1.76154 0.4 0.662113 0.629186 0.648046
30199 1.7541 0.4 0.66393 0.64325 0.646439
30249 1.74654 0.4 0.662484 0.635127 0.650531
30299 1.75493 0.4 0.660322 0.625175 0.647425
30349 1.75334 0.4 0.661713 0.632393 0.64614
30399 1.76411 0.4 0.657105 0.628647 0.647184
30449 1.76898 0.4 0.659392 0.635151 0.64604
30499 1.76191 0.4 0.665381 0.633108 0.653597
30549 1.76042 0.4 0.647601 0.632463 0.648075
30599 1.75337 0.4 0.668046 0.634095 0.650337
30649 1.76562 0.4 0.658155 0.636935 0.658854
30699 1.75932 0.4 0.667663 0.62243 0.642083
30749 1.7613 0.4 0.662082 0.63801 0.649284
30799 1.76199 0.4 0.660739 0.636137 0.644604
30849 1.76633 0.4 0.648723 0.631241 0.643512
30899 1.74756 0.4 0.656222 0.627644 0.649596
30949 1.77212 0.4 0.644449 0.627379 0.648832
30999 1.75466 0.4 0.651863 0.636998 0.660704
31049 1.76505 0.4 0.662277 0.63776 0.651737
31099 1.76566 0.4 0.663024 0.633554 0.648675
31149 1.76613 0.4 0.659252 0.629561 0.636387
31199 1.7566 0.4 0.652588 0.627192 0.646636
31249 1.77904 0.4 0.656928 0.626685 0.653981
31299 1.7535 0.4 0.646172 0.627254 0.646007
31349 1.76125 0.4 0.65948 0.631001 0.646701
31399 1.74729 0.4 0.657282 0.63749 0.64965
31449 1.7567 0.4 0.661196 0.634001 0.653832
31499 1.7613 0.4 0.665399 0.640941 0.645173
31549 1.76458 0.4 0.665359 0.618364 0.655699
31599 1.76129 0.4 0.656995 0.631641 0.645152
31649 1.75564 0.4 0.661777 0.635562 0.650461
31699 1.75909 0.4 0.656517 0.64187 0.647328
31749 1.75636 0.4 0.667483 0.647981 0.65039
31799 1.75496 0.4 0.657496 0.625346 0.643944
31849 1.75707 0.4 0.655399 0.645764 0.657881
31899 1.75918 0.4 0.66829 0.636087 0.654448
31949 1.74594 0.4 0.654697 0.624353 0.65016
31999 1.75817 0.4 0.660129 0.624575 0.650992
32049 1.74863 0.4 0.667654 0.640888 0.651171
32099 1.75459 0.4 0.649286 0.630208 0.64827
32149 1.75162 0.4 0.662605 0.635034 0.655878
32199 1.75463 0.4 0.657548 0.635804 0.660904
32249 1.75853 0.4 0.654518 0.63127 0.647362
32299 1.76825 0.4 0.663687 0.632248 0.654198
32349 1.7603 0.4 0.659224 0.635526 0.6435
32399 1.74318 0.4 0.654673 0.63123 0.649311
32449 1.76323 0.4 0.655682 0.630103 0.657956
32499 1.76657 0.4 0.658589 0.639459 0.647787
32549 1.74389 0.4 0.660145 0.635834 0.646297
32599 1.75958 0.4 0.661684 0.628993 0.657357
32649 1.74863 0.4 0.658785 0.636408 0.650275
32699 1.74954 0.4 0.648212 0.634318 0.654559
32749 1.76086 0.4 0.661926 0.641227 0.646054
32799 1.75077 0.4 0.657677 0.640706 0.645584
32849 1.75213 0.4 0.657082 0.62163 0.641589
32899 1.75161 0.4 0.66244 0.637049 0.655646
32949 1.75732 0.4 0.652665 0.639825 0.65517
32999 1.74983 0.4 0.652656 0.630813 0.649141
33049 1.74398 0.4 0.664348 0.632803 0.656689
33099 1.75924 0.4 0.670941 0.633115 0.649119
33149 1.75612 0.4 0.656508 0.637143 0.641628
33199 1.74439 0.4 0.657695 0.628948 0.65852
33249 1.76106 0.4 0.656239 0.63763 0.649704
33299 1.7601 0.4 0.650456 0.642302 0.655193
33349 1.76112 0.4 0.660116 0.631494 0.650963
33399 1.74423 0.4 0.670145 0.630804 0.649184
33449 1.74761 0.4 0.663755 0.640423 0.65527
33499 1.7489 0.4 0.675282 0.631618 0.652806
33549 1.74632 0.4 0.664368 0.643938 0.641186
33599 1.74782 0.4 0.660846 0.634734 0.657115
33649 1.74351 0.4 0.645884 0.641766 0.652205
33699 1.74963 0.4 0.658417 0.626425 0.651442
33749 1.74432 0.4 0.670531 0.642593 0.645555
33799 1.74445 0.4 0.665762 0.616306 0.638676
33849 1.76502 0.4 0.651686 0.632911 0.644191
33899 1.74065 0.4 0.66962 0.635838 0.656985
33949 1.75443 0.4 0.664286 0.637351 0.646062
33999 1.74708 0.4 0.653245 0.622816 0.652448
34049 1.74984 0.4 0.672263 0.634886 0.645825
34099 1.75521 0.4 0.654542 0.640269 0.65155
34149 1.75092 0.4 0.655316 0.608848 0.641704
34199 1.76233 0.4 0.666315 0.632242 0.645904
34249 1.74828 0.4 0.654614 0.634357 0.64255
34299 1.75784 0.4 0.653419 0.634573 0.65242
34349 1.74635 0.4 0.650952 0.620671 0.657978
34399 1.74545 0.4 0.665406 0.635259 0.651429
34449 1.75121 0.4 0.654828 0.630447 0.654374
34499 1.76223 0.4 0.667738 0.64302 0.645909
34549 1.7469 0.4 0.657432 0.630035 0.648118
34599 1.74542 0.4 0.663651 0.632518 0.661713
34649 1.74241 0.4 0.66278 0.640974 0.646359
34699 1.75135 0.4 0.647395 0.63096 0.659402
34749 1.76401 0.4 0.661634 0.644756 0.65175
34799 1.7548 0.4 0.65527 0.633529 0.654171
34849 1.75305 0.4 0.672334 0.630737 0.643418
34899 1.74493 0.4 0.662343 0.641203 0.651201
34949 1.73914 0.4 0.660944 0.633243 0.648615
34999 1.74539 0.4 0.657606 0.633918 0.647881
35049 1.75073 0.4 0.675371 0.642187 0.656806
35099 1.75763 0.4 0.653485 0.63485 0.640207
35149 1.75373 0.4 0.66185 0.6276 0.642848
35199 1.75284 0.4 0.648979 0.634237 0.64006
35249 1.7402 0.4 0.662684 0.635454 0.649685
35299 1.7541 0.4 0.66655 0.625369 0.649995
35349 1.73714 0.4 0.664121 0.641212 0.659106
35399 1.73495 0.4 0.66141 0.626617 0.648789
35449 1.74077 0.4 0.64988 0.641238 0.641931
35499 1.75863 0.4 0.665197 0.635039 0.65132
35549 1.75328 0.4 0.649116 0.63533 0.652037
35599 1.74687 0.4 0.661029 0.634144 0.645141
35649 1.73298 0.4 0.661143 0.633455 0.650506
35699 1.75391 0.4 0.661408 0.607231 0.656317
35749 1.75132 0.4 0.65233 0.650439 0.66078
35799 1.7403 0.4 0.658087 0.640925 0.657689
35849 1.74852 0.4 0.670272 0.643435 0.644595
35899 1.73742 0.4 0.668345 0.642998 0.652317
35949 1.73711 0.4 0.656645 0.641078 0.647919
35999 1.74949 0.4 0.662291 0.631862 0.650179
36049 1.73879 0.4 0.670507 0.635664 0.649603
36099 1.74297 0.4 0.660324 0.634617 0.653452
36149 1.74316 0.4 0.659875 0.629544 0.659608
36199 1.7538 0.4 0.661232 0.636187 0.64808
36249 1.75187 0.4 0.668464 0.642116 0.650351
36299 1.74778 0.4 0.663161 0.647558 0.652905
36349 1.74248 0.4 0.667507 0.632854 0.649613
36399 1.74594 0.4 0.664995 0.639701 0.652514
36449 1.74651 0.4 0.663932 0.624915 0.650817
36499 1.73459 0.4 0.662167 0.640591 0.646224
36549 1.74849 0.4 0.658555 0.619196 0.654271
36599 1.74671 0.4 0.661984 0.633932 0.640074
36649 1.74009 0.4 0.663437 0.636807 0.64884
36699 1.73886 0.4 0.65568 0.629981 0.658875
36749 1.73456 0.4 0.658491 0.623905 0.656272
36799 1.75208 0.4 0.663589 0.638375 0.641963
36849 1.73971 0.4 0.656601 0.638659 0.643855
36899 1.7441 0.4 0.670909 0.64273 0.639103
36949 1.7425 0.4 0.639664 0.64201 0.650938
36999 1.73927 0.4 0.657499 0.643359 0.640613
37049 1.73863 0.4 0.648727 0.631013 0.65472
37099 1.75229 0.4 0.656239 0.633212 0.642851
37149 1.74298 0.4 0.658359 0.625073 0.645003
37199 1.73487 0.4 0.652639 0.636492 0.644215
37249 1.74663 0.4 0.658695 0.627448 0.657592
37299 1.73853 0.4 0.665252 0.635799 0.649092
37349 1.73931 0.4 0.648505 0.638155 0.644978
37399 1.74842 0.4 0.661747 0.628409 0.65021
37449 1.73849 0.4 0.65804 0.633 0.645722
37499 1.74178 0.4 0.655055 0.633708 0.655507
37549 1.75532 0.4 0.650027 0.63285 0.646822
37599 1.74575 0.4 0.662749 0.638127 0.652545
37649 1.74839 0.4 0.662836 0.627779 0.650858
37699 1.74056 0.4 0.65979 0.619564 0.656976
37749 1.74032 0.4 0.653749 0.624238 0.655109
37799 1.7473 0.4 0.659918 0.62737 0.648673
37849 1.74516 0.4 0.650205 0.618716 0.640912
37899 1.74294 0.4 0.661283 0.63181 0.648279
37949 1.74153 0.4 0.654716 0.6308 0.646716
37999 1.73582 0.4 0.659711 0.631257 0.660564
38049 1.74708 0.4 0.654555 0.626782 0.657827
38099 1.73559 0.4 0.650318 0.639999 0.647757
38149 1.74914 0.4 0.656189 0.645311 0.644264
38199 1.73226 0.4 0.65622 0.64634 0.665911
38249 1.74815 0.4 0.658042 0.638787 0.653605
38299 1.74042 0.4 0.649751 0.633765 0.648099
38349 1.74494 0.4 0.650484 0.643661 0.644014
38399 1.73163 0.4 0.650592 0.627603 0.648274
38449 1.7457 0.4 0.671612 0.628619 0.645865
38499 1.73917 0.4 0.655814 0.637558 0.654622
38549 1.7429 0.4 0.682647 0.636324 0.650256
38599 1.74742 0.4 0.66084 0.633987 0.646773
38649 1.73711 0.4 0.660935 0.621289 0.658106
38699 1.73228 0.4 0.659428 0.619017 0.650736
38749 1.74305 0.4 0.653696 0.630035 0.653988
38799 1.73632 0.4 0.644281 0.63612 0.645029
38849 1.73609 0.4 0.656285 0.628555 0.6563
38899 1.74687 0.4 0.656797 0.638747 0.646244
38949 1.73563 0.4 0.663174 0.641756 0.645156
38999 1.73776 0.4 0.666961 0.625707 0.649256
39049 1.74181 0.4 0.663488 0.632524 0.660995
39099 1.74143 0.4 0.65049 0.624622 0.647016
39149 1.74598 0.4 0.669346 0.645943 0.647164
39199 1.74579 0.4 0.654443 0.634402 0.649957
39249 1.72979 0.4 0.662316 0.634791 0.644646
39299 1.74668 0.4 0.65961 0.624801 0.64196
39349 1.73982 0.4 0.656907 0.624719 0.655383
39399 1.7355 0.4 0.665444 0.644421 0.648271
39449 1.7283 0.4 0.658056 0.642165 0.655059
39499 1.74598 0.4 0.658737 0.633603 0.653941
39549 1.73275 0.4 0.665981 0.634477 0.655616
39599 1.74243 0.4 0.667322 0.63852 0.643015
39649 1.75476 0.4 0.666353 0.639633 0.647431
39699 1.73487 0.4 0.655462 0.633489 0.642319
39749 1.7385 0.4 0.667258 0.634031 0.647507
39799 1.72 0.4 0.661561 0.63593 0.657254
39849 1.73094 0.4 0.659471 0.617812 0.652871
39899 1.72164 0.4 0.661637 0.642085 0.6483
39949 1.73406 0.4 0.663346 0.631504 0.646959
39999 1.73855 0.4 0.654294 0.63121 0.64545
40049 1.74006 0.4 0.659245 0.62029 0.641556
40099 1.74651 0.4 0.645006 0.625065 0.651189
40149 1.74009 0.4 0.656318 0.643505 0.660485
40199 1.72871 0.4 0.65602 0.628568 0.63605
40249 1.74442 0.4 0.664998 0.647243 0.646525
40299 1.73409 0.4 0.661764 0.634362 0.63825
40349 1.74536 0.4 0.656628 0.647798 0.650421
40399 1.73136 0.4 0.661218 0.638195 0.65519
40449 1.7432 0.4 0.649657 0.631195 0.651291
40499 1.73589 0.4 0.649414 0.634774 0.659362
40549 1.74624 0.4 0.659156 0.628912 0.649735
40599 1.74027 0.4 0.656758 0.63277 0.648746
40649 1.73084 0.4 0.669489 0.642552 0.646344
40699 1.74058 0.4 0.655714 0.637729 0.641556
40749 1.74499 0.4 0.66243 0.629811 0.648149
40799 1.74722 0.4 0.663329 0.617551 0.653667
40849 1.72484 0.4 0.669654 0.633935 0.648318
40899 1.74288 0.4 0.657489 0.622153 0.651781
40949 1.74232 0.4 0.65549 0.628476 0.645244
40999 1.73985 0.4 0.673583 0.638729 0.653657
41049 1.73616 0.4 0.643246 0.636675 0.650893
41099 1.73989 0.4 0.651154 0.629085 0.646921
41149 1.733 0.4 0.646632 0.640652 0.65236
41199 1.73585 0.4 0.658358 0.632946 0.657096
41249 1.73747 0.4 0.665452 0.642288 0.655376
41299 1.74153 0.4 0.646772 0.629822 0.658079
41349 1.72653 0.4 0.652165 0.63924 0.645158
41399 1.73169 0.4 0.668768 0.63535 0.648424
41449 1.74479 0.4 0.653279 0.62867 0.645156
41499 1.72682 0.4 0.667208 0.632846 0.650294
41549 1.73637 0.4 0.655997 0.634051 0.649522
41599 1.73545 0.4 0.65399 0.647867 0.644694
41649 1.73664 0.4 0.663649 0.629437 0.647307
41699 1.73327 0.4 0.661083 0.640058 0.64331
41749 1.74169 0.4 0.652585 0.630028 0.655649
41799 1.74218 0.4 0.666406 0.62841 0.65658
41849 1.72818 0.4 0.658362 0.640404 0.645196
41899 1.73826 0.4 0.65114 0.63515 0.648928
41949 1.72619 0.4 0.658456 0.618391 0.650101
41999 1.73936 0.4 0.660782 0.629069 0.649889
42049 1.74213 0.4 0.65697 0.629959 0.652094
42099 1.73219 0.4 0.656118 0.627913 0.657268
42149 1.7456 0.4 0.652173 0.629025 0.649546
42199 1.7354 0.4 0.664133 0.644655 0.647304
42249 1.74655 0.4 0.654153 0.633786 0.652464
42299 1.72492 0.4 0.661197 0.642843 0.650235
42349 1.73131 0.4 0.661453 0.639221 0.64926
42399 1.72537 0.4 0.651604 0.633452 0.648927
42449 1.72834 0.4 0.655458 0.633349 0.643151
42499 1.74332 0.4 0.657063 0.628225 0.645978
42549 1.73266 0.4 0.649789 0.635063 0.650886
42599 1.73673 0.4 0.657926 0.63841 0.645044
42649 1.73504 0.4 0.658125 0.628155 0.658009
42699 1.73035 0.4 0.662805 0.638147 0.649095
42749 1.73568 0.4 0.663725 0.624015 0.648846
42799 1.73956 0.4 0.649873 0.642745 0.651739
42849 1.72931 0.4 0.675081 0.616943 0.639937
42899 1.72862 0.4 0.657483 0.623681 0.658804
42949 1.74749 0.4 0.656491 0.630924 0.659088
42999 1.7297 0.4 0.665863 0.627975 0.643366
43049 1.72694 0.4 0.653923 0.631111 0.639012
43099 1.73626 0.4 0.667927 0.631872 0.642511
43149 1.72345 0.4 0.663907 0.639994 0.652863
43199 1.72857 0.4 0.66212 0.636109 0.647194
43249 1.73889 0.4 0.665487 0.640409 0.65099
43299 1.73003 0.4 0.656874 0.631938 0.650513
43349 1.73238 0.4 0.642675 0.638458 0.646983
43399 1.74139 0.4 0.650797 0.627146 0.655751
43449 1.73049 0.4 0.654994 0.637726 0.649021
43499 1.73854 0.4 0.667206 0.64637 0.64408
43549 1.72149 0.4 0.656053 0.63852 0.644095
43599 1.73594 0.4 0.65906 0.64739 0.648105
43649 1.73737 0.4 0.65849 0.627049 0.651205
43699 1.73475 0.4 0.670714 0.637879 0.642956
43749 1.73112 0.4 0.660321 0.616777 0.651597
43799 1.73064 0.4 0.648251 0.641078 0.647055
43849 1.74029 0.4 0.671105 0.635447 0.654594
43899 1.72781 0.4 0.665646 0.637649 0.655928
43949 1.73163 0.4 0.655149 0.641462 0.639812
43999 1.74506 0.4 0.670883 0.641806 0.650066
44049 1.73387 0.4 0.662185 0.624555 0.647381
44099 1.73185 0.4 0.66037 0.637951 0.63679
44149 1.73653 0.4 0.649256 0.632175 0.662384
44199 1.73158 0.4 0.66541 0.64855 0.654261
44249 1.72663 0.4 0.658747 0.635903 0.645124
44299 1.73405 0.4 0.66085 0.625338 0.653544
44349 1.72786 0.4 0.662128 0.63235 0.644172
44399 1.73042 0.4 0.671198 0.630239 0.647202
44449 1.73198 0.4 0.660207 0.62798 0.64583
44499 1.71997 0.4 0.657467 0.640822 0.650594
44549 1.73706 0.4 0.656688 0.629618 0.650184
44599 1.73603 0.4 0.652764 0.630889 0.648693
44649 1.73348 0.4 0.667436 0.630358 0.648304
44699 1.7287 0.4 0.664677 0.638238 0.656625
44749 1.72587 0.4 0.655255 0.629101 0.650789
44799 1.74738 0.4 0.657933 0.629242 0.650684
44849 1.71474 0.4 0.662992 0.630305 0.655624
44899 1.73275 0.4 0.658083 0.629852 0.64659
44949 1.72352 0.4 0.653516 0.648693 0.660012
44999 1.72279 0.4 0.652026 0.644412 0.64656
45049 1.72659 0.4 0.655173 0.629587 0.651008
45099 1.73503 0.4 0.654949 0.641882 0.648686
45149 1.72404 0.4 0.6673 0.623665 0.645266
45199 1.7306 0.4 0.668927 0.631384 0.658399
45249 1.7373 0.4 0.659777 0.638307 0.649127
45299 1.73062 0.4 0.657096 0.628177 0.657234
45349 1.74195 0.4 0.657572 0.637777 0.639505
45399 1.74099 0.4 0.665425 0.63659 0.647164
45449 1.7419 0.4 0.657946 0.628748 0.653357
45499 1.72549 0.4 0.663629 0.635483 0.644309
45549 1.72926 0.4 0.650066 0.641736 0.648564
45599 1.72041 0.4 0.66385 0.625576 0.647539
45649 1.73068 0.4 0.657761 0.620067 0.646013
45699 1.7403 0.4 0.666871 0.636256 0.646434
45749 1.73561 0.4 0.669334 0.647885 0.645914
45799 1.73909 0.4 0.669897 0.632563 0.647229
45849 1.73067 0.4 0.664932 0.645087 0.650455
45899 1.73471 0.4 0.658422 0.633958 0.646121
45949 1.72975 0.4 0.664753 0.634937 0.646953
45999 1.72838 0.4 0.656199 0.6299 0.647971
46049 1.73814 0.4 0.65926 0.627796 0.656653
46099 1.73688 0.4 0.656284 0.641675 0.650522
46149 1.73292 0.4 0.648032 0.635002 0.642626
46199 1.73068 0.4 0.657207 0.631423 0.645864
46249 1.72919 0.4 0.672461 0.638525 0.64407
46299 1.726 0.4 0.649428 0.63373 0.646072
46349 1.72091 0.4 0.658969 0.628011 0.656013
46399 1.72127 0.4 0.646832 0.626312 0.644124
46449 1.72696 0.4 0.656361 0.633961 0.651916
46499 1.73149 0.4 0.659406 0.647813 0.642102
46549 1.72956 0.4 0.653906 0.635925 0.655196
46599 1.73469 0.4 0.650608 0.636508 0.653226
46649 1.73406 0.4 0.650246 0.636111 0.6635
46699 1.72946 0.4 0.654244 0.642365 0.644233
46749 1.72134 0.4 0.655527 0.642575 0.643931
46799 1.73587 0.4 0.667867 0.646665 0.645027
46849 1.7219 0.4 0.652005 0.63893 0.645844
46899 1.73568 0.4 0.666668 0.633515 0.640675
46949 1.72304 0.4 0.666998 0.637414 0.637314
46999 1.72983 0.4 0.661111 0.628661 0.655707
47049 1.73778 0.4 0.663107 0.619739 0.638599
47099 1.72976 0.4 0.651501 0.636869 0.639712
47149 1.71398 0.4 0.659451 0.634889 0.64557
47199 1.72128 0.4 0.664358 0.628655 0.650364
47249 1.72829 0.4 0.654505 0.635162 0.645748
47299 1.74642 0.4 0.655452 0.635841 0.630735
47349 1.72282 0.4 0.657324 0.632903 0.65265
47399 1.74096 0.4 0.653062 0.651171 0.647488
47449 1.72176 0.4 0.654162 0.632719 0.648637
47499 1.72095 0.4 0.662747 0.634337 0.658508
47549 1.72943 0.4 0.648463 0.632384 0.648569
47599 1.72933 0.4 0.656674 0.621067 0.647139
47649 1.72428 0.4 0.662317 0.630215 0.641674
47699 1.73319 0.4 0.665948 0.635918 0.644695
47749 1.74106 0.4 0.667198 0.631671 0.652941
47799 1.73413 0.4 0.656257 0.63071 0.660482
47849 1.71238 0.4 0.652142 0.64391 0.651876
47899 1.73131 0.4 0.653989 0.642249 0.649943
47949 1.73399 0.4 0.654 0.628932 0.653944
47999 1.72531 0.4 0.65415 0.637333 0.64971
48049 1.72906 0.4 0.654947 0.630352 0.652259
48099 1.72356 0.4 0.657541 0.629252 0.637757
48149 1.72807 0.4 0.664184 0.623045 0.645274
48199 1.72667 0.4 0.658261 0.625367 0.652694
48249 1.73578 0.4 0.652467 0.625266 0.647371
48299 1.74089 0.4 0.663329 0.62686 0.643146
48349 1.72822 0.4 0.659521 0.640124 0.657052
48399 1.72427 0.4 0.662255 0.63765 0.645559
48449 1.71867 0.4 0.658228 0.62751 0.646141
48499 1.72794 0.4 0.661013 0.62971 0.643725
48549 1.73648 0.4 0.652773 0.63487 0.655966
48599 1.71595 0.4 0.651017 0.640803 0.649565
48649 1.73727 0.4 0.649842 0.634247 0.651964
48699 1.71703 0.4 0.660526 0.640125 0.640206
48749 1.71717 0.4 0.669068 0.626199 0.644229
48799 1.72217 0.4 0.660089 0.645244 0.653384
48849 1.73753 0.4 0.659152 0.629778 0.654935
48899 1.71959 0.4 0.664603 0.646183 0.649733
48949 1.73043 0.4 0.644336 0.625561 0.641149
48999 1.72031 0.4 0.666269 0.625116 0.653551
49049 1.72774 0.4 0.666003 0.631219 0.646855
49099 1.72122 0.4 0.649201 0.629394 0.652554
49149 1.72065 0.4 0.645358 0.62578 0.642546
49199 1.73811 0.4 0.656848 0.631823 0.649415
49249 1.72236 0.4 0.650364 0.634403 0.648731
49299 1.72992 0.4 0.663561 0.628347 0.645751
49349 1.7262 0.4 0.665811 0.628707 0.633497
49399 1.71931 0.4 0.66067 0.624816 0.655526
49449 1.73983 0.4 0.660202 0.638734 0.651508
49499 1.73666 0.4 0.670441 0.630837 0.642055
49549 1.71916 0.4 0.650124 0.649616 0.652602
49599 1.72891 0.4 0.660664 0.62441 0.643942
49649 1.7279 0.4 0.650731 0.627785 0.654044
49699 1.73163 0.4 0.652203 0.632643 0.658648
49749 1.7391 0.4 0.671157 0.641107 0.649159
49799 1.73156 0.4 0.660391 0.625516 0.650161
49849 1.7294 0.4 0.663113 0.633402 0.642137
49899 1.73669 0.4 0.6525 0.632029 0.647873
49949 1.73094 0.4 0.652946 0.625176 0.655808
49999 1.71551 0.4 0.678798 0.624161 0.657947
50049 1.73844 0.4 0.66959 0.619343 0.655572
50099 1.72757 0.4 0.665541 0.626323 0.635055
50149 1.72273 0.4 0.656308 0.615603 0.645742
50199 1.73773 0.4 0.664174 0.630959 0.649947
50249 1.72965 0.4 0.668842 0.636002 0.646
50299 1.72672 0.4 0.65725 0.63289 0.646655
50349 1.71671 0.4 0.662536 0.625904 0.646491
50399 1.729 0.4 0.66225 0.635746 0.639446
50449 1.73025 0.4 0.663318 0.630622 0.659695
50499 1.72092 0.4 0.651125 0.64388 0.650836
50549 1.72627 0.4 0.658895 0.631348 0.645578
50599 1.72667 0.4 0.664389 0.64298 0.653678
50649 1.73282 0.4 0.659247 0.633435 0.648874
50699 1.7268 0.4 0.663539 0.643503 0.64898
50749 1.73565 0.4 0.647986 0.633127 0.655755
50799 1.72454 0.4 0.655355 0.640966 0.651063
50849 1.7393 0.4 0.650302 0.633856 0.648744
50899 1.71763 0.4 0.664251 0.633198 0.649234
50949 1.73063 0.4 0.66061 0.620076 0.641067
50999 1.74043 0.4 0.661045 0.617907 0.650017
51049 1.72507 0.4 0.665123 0.632378 0.645724
51099 1.72217 0.4 0.673712 0.630615 0.647803
51149 1.71392 0.4 0.666652 0.65307 0.649322
51199 1.7335 0.4 0.6595 0.635012 0.643976
51249 1.72271 0.4 0.664738 0.61625 0.645025
51299 1.71682 0.4 0.676149 0.628059 0.640316
51349 1.7205 0.4 0.66182 0.62663 0.651216
51399 1.74211 0.4 0.65816 0.627935 0.647507
51449 1.72142 0.4 0.657291 0.625728 0.649413
51499 1.73031 0.4 0.659657 0.63645 0.658166
51549 1.71249 0.4 0.655212 0.625932 0.65651
51599 1.73174 0.4 0.669431 0.635271 0.646114
51649 1.7286 0.4 0.655192 0.634548 0.637517
51699 1.71514 0.4 0.673161 0.639295 0.646098
51749 1.71871 0.4 0.663814 0.634106 0.653668
51799 1.7303 0.4 0.656963 0.633362 0.643817
51849 1.72955 0.4 0.659997 0.64056 0.642074
51899 1.72312 0.4 0.648525 0.639731 0.642271
51949 1.73362 0.4 0.660931 0.633243 0.644397
51999 1.72074 0.4 0.665416 0.641346 0.652667
52049 1.7395 0.4 0.673965 0.628854 0.655848
52099 1.73794 0.4 0.665523 0.638861 0.643973
52149 1.70749 0.4 0.650115 0.630787 0.653611
52199 1.73355 0.4 0.668976 0.637681 0.656738
52249 1.72728 0.4 0.672599 0.625215 0.647737
52299 1.74173 0.4 0.654026 0.626572 0.650197
52349 1.71885 0.4 0.662675 0.62559 0.645279
52399 1.73253 0.4 0.662424 0.622734 0.644754
52449 1.72429 0.4 0.659681 0.640728 0.643333
52499 1.70076 0.4 0.657205 0.646347 0.644925
52549 1.72611 0.4 0.66835 0.62604 0.644246
52599 1.72287 0.4 0.663121 0.636761 0.652505
52649 1.73036 0.4 0.65933 0.64445 0.656008
52699 1.73516 0.4 0.661681 0.629485 0.644392
52749 1.72254 0.4 0.668238 0.630429 0.647057
52799 1.72643 0.4 0.650346 0.628493 0.636607
52849 1.72885 0.4 0.656261 0.639501 0.650476
52899 1.73476 0.4 0.646693 0.64897 0.648484
52949 1.72494 0.4 0.658759 0.639327 0.653432
52999 1.70986 0.4 0.651421 0.633824 0.636795
53049 1.72926 0.4 0.66929 0.633405 0.6565
53099 1.70682 0.4 0.659804 0.633066 0.646782
53149 1.71962 0.4 0.668664 0.63116 0.637899
53199 1.71396 0.4 0.65677 0.629264 0.638324
53249 1.73131 0.4 0.648217 0.628943 0.63438
53299 1.72053 0.4 0.656987 0.629242 0.660934
53349 1.72627 0.4 0.662909 0.64687 0.644601
53399 1.71026 0.4 0.665082 0.631995 0.651757
53449 1.7315 0.4 0.671894 0.636209 0.65629
53499 1.71351 0.4 0.659992 0.643481 0.651163
53549 1.71501 0.4 0.645551 0.647472 0.650321
53599 1.71432 0.4 0.664745 0.623463 0.637932
53649 1.7278 0.4 0.65324 0.632397 0.642248
53699 1.72666 0.4 0.653856 0.631463 0.649165
53749 1.72523 0.4 0.656834 0.60852 0.648743
53799 1.72188 0.4 0.653032 0.650399 0.648042
53849 1.72076 0.4 0.658153 0.639142 0.646914
53899 1.72585 0.4 0.658065 0.633076 0.655847
53949 1.72881 0.4 0.657503 0.632592 0.645323
53999 1.71827 0.4 0.669434 0.637484 0.654617
54049 1.72177 0.4 0.656488 0.637866 0.641548
54099 1.71696 0.4 0.655185 0.639378 0.651001
54149 1.72081 0.4 0.664002 0.629188 0.645722
54199 1.72674 0.4 0.650757 0.638789 0.647702
54249 1.72535 0.4 0.646067 0.640544 0.641709
54299 1.72786 0.4 0.658684 0.63317 0.66134
54349 1.71762 0.4 0.660937 0.619284 0.648958
54399 1.72792 0.4 0.658232 0.631985 0.643417
54449 1.72885 0.4 0.654045 0.643893 0.65116
54499 1.73042 0.4 0.651338 0.645142 0.635559
54549 1.73083 0.4 0.657232 0.640941 0.652154
54599 1.73254 0.4 0.658483 0.629899 0.642631
54649 1.72336 0.4 0.653416 0.626775 0.650163
54699 1.71198 0.4 0.65249 0.622696 0.647599
54749 1.72687 0.4 0.65595 0.627567 0.652063
54799 1.71245 0.4 0.654581 0.641429 0.642654
54849 1.72003 0.4 0.662847 0.635466 0.643527
54899 1.70922 0.4 0.667907 0.613522 0.648754
54949 1.70984 0.4 0.661961 0.640191 0.649083
54999 1.72524 0.4 0.663113 0.633717 0.647207
55049 1.72041 0.4 0.662342 0.641552 0.641735
55099 1.71479 0.4 0.663067 0.638469 0.653745
55149 1.72883 0.4 0.636075 0.631599 0.643341
55199 1.72609 0.4 0.649688 0.630926 0.648062
55249 1.71917 0.4 0.675158 0.642547 0.660026
55299 1.72153 0.4 0.66233 0.633153 0.640855
55349 1.72867 0.4 0.659291 0.629613 0.647097
55399 1.73786 0.4 0.652763 0.631461 0.645456
55449 1.72195 0.4 0.665554 0.62195 0.647131
55499 1.72566 0.4 0.662779 0.643213 0.648586
55549 1.72974 0.4 0.662716 0.618777 0.647103
55599 1.71597 0.4 0.665449 0.638318 0.649278
55649 1.71037 0.4 0.662215 0.639678 0.643645
55699 1.7183 0.4 0.66149 0.635598 0.651721
55749 1.7218 0.4 0.661552 0.6351 0.650658
55799 1.72413 0.4 0.660128 0.636574 0.640809
55849 1.71215 0.4 0.639434 0.625616 0.643081
55899 1.72133 0.4 0.659548 0.631437 0.647435
55949 1.72464 0.4 0.649358 0.632085 0.644286
55999 1.70338 0.4 0.660542 0.634981 0.647561
56049 1.72729 0.4 0.657798 0.635507 0.65227
56099 1.70578 0.4 0.661119 0.62524 0.650988
56149 1.70705 0.4 0.655454 0.643532 0.638384
56199 1.71435 0.4 0.665293 0.630218 0.6564
56249 1.71239 0.4 0.650285 0.626649 0.645578
56299 1.71372 0.4 0.644094 0.632155 0.656998
56349 1.72814 0.4 0.659944 0.626257 0.641328
56399 1.72285 0.4 0.659797 0.63699 0.648452
56449 1.7187 0.4 0.669492 0.639495 0.647916
56499 1.70557 0.4 0.662378 0.626899 0.647807
56549 1.71201 0.4 0.661372 0.629879 0.647277
56599 1.72004 0.4 0.674482 0.631022 0.643582
56649 1.71807 0.4 0.654106 0.62393 0.651493
56699 1.73069 0.4 0.671452 0.637849 0.646085
56749 1.73167 0.4 0.6643 0.651553 0.653956
56799 1.71808 0.4 0.664467 0.646613 0.656116
56849 1.72258 0.4 0.659944 0.623787 0.653223
56899 1.71985 0.4 0.656385 0.625961 0.652759
56949 1.72219 0.4 0.656541 0.622874 0.654608
56999 1.71941 0.4 0.649539 0.622042 0.642416
57049 1.71747 0.4 0.650783 0.64095 0.647817
57099 1.7263 0.4 0.65208 0.648133 0.641574
57149 1.71673 0.4 0.650678 0.631936 0.646165
57199 1.70802 0.4 0.65483 0.63267 0.648955
57249 1.71913 0.4 0.665333 0.624604 0.641001
57299 1.71317 0.4 0.654984 0.64146 0.649609
57349 1.71637 0.4 0.646688 0.620031 0.648819
57399 1.71864 0.4 0.662964 0.645174 0.647394
57449 1.7029 0.4 0.655344 0.62765 0.645945
57499 1.7114 0.4 0.663901 0.634984 0.655597
57549 1.71274 0.4 0.657386 0.639961 0.639994
57599 1.72005 0.4 0.65049 0.645644 0.660944
57649 1.70945 0.4 0.660929 0.64747 0.647546
57699 1.71135 0.4 0.65884 0.639055 0.650344
57749 1.70641 0.4 0.665281 0.630067 0.648766
57799 1.72695 0.4 0.677017 0.631409 0.648127
57849 1.71535 0.4 0.657866 0.62402 0.646938
57899 1.70737 0.4 0.658889 0.639089 0.645422
57949 1.71126 0.4 0.647923 0.629706 0.643851
57999 1.71278 0.4 0.655197 0.639044 0.651835
58049 1.71291 0.4 0.658986 0.628517 0.646765
58099 1.71459 0.4 0.666392 0.626331 0.66133
58149 1.72774 0.4 0.662645 0.631746 0.649335
58199 1.70466 0.4 0.645175 0.629896 0.652335
58249 1.71498 0.4 0.650126 0.624182 0.650871
58299 1.71497 0.4 0.650896 0.628235 0.659264
58349 1.71959 0.4 0.651728 0.633642 0.647503
58399 1.70698 0.4 0.657107 0.638997 0.650056
58449 1.71375 0.4 0.6713 0.639114 0.653512
58499 1.72318 0.4 0.667315 0.639274 0.654362
58549 1.71555 0.4 0.648437 0.634196 0.648812
58599 1.71945 0.4 0.653975 0.628602 0.664758
58649 1.7326 0.4 0.651301 0.638419 0.654873
58699 1.72742 0.4 0.664784 0.629992 0.648695
58749 1.71996 0.4 0.668914 0.627636 0.647748
58799 1.72026 0.4 0.657834 0.634305 0.647244
58849 1.70776 0.4 0.653153 0.643435 0.644731
58899 1.71855 0.4 0.68222 0.622189 0.64524
58949 1.71869 0.4 0.671365 0.645054 0.661724
58999 1.72001 0.4 0.661404 0.620703 0.645601
59049 1.7184 0.4 0.657865 0.633731 0.649005
59099 1.72544 0.4 0.66351 0.636212 0.640776
59149 1.72493 0.4 0.65654 0.62502 0.653896
59199 1.71189 0.4 0.660692 0.63746 0.658416
59249 1.70587 0.4 0.661598 0.631985 0.651789
59299 1.71686 0.4 0.651234 0.633217 0.650621
59349 1.72558 0.4 0.670565 0.631387 0.644414
59399 1.70425 0.4 0.660541 0.625596 0.654452
59449 1.71706 0.4 0.658804 0.63469 0.647028
59499 1.71969 0.4 0.660223 0.630538 0.648937
59549 1.71119 0.4 0.659199 0.621317 0.651559
59599 1.72702 0.4 0.660817 0.634093 0.652625
59649 1.70768 0.4 0.66204 0.638293 0.648589
59699 1.722 0.4 0.659513 0.635071 0.643851
59749 1.70406 0.4 0.665092 0.623764 0.651759
59799 1.71451 0.4 0.654276 0.634719 0.643574
59849 1.7154 0.4 0.664525 0.636107 0.645007
59899 1.71532 0.4 0.659023 0.62287 0.651131
59949 1.70938 0.4 0.67317 0.651554 0.654711
59999 1.71145 0.4 0.663281 0.635245 0.653087
60049 1.72071 0.4 0.650407 0.639619 0.647187
60099 1.71049 0.4 0.643927 0.642693 0.657019
60149 1.71529 0.4 0.662277 0.639136 0.646985
60199 1.70832 0.4 0.655266 0.640722 0.661702
60249 1.71052 0.4 0.64714 0.635812 0.645697
60299 1.70324 0.4 0.659771 0.631481 0.656211
60349 1.71414 0.4 0.661313 0.632045 0.643069
60399 1.72293 0.4 0.658555 0.626869 0.647333
60449 1.7105 0.4 0.657171 0.634091 0.657777
60499 1.71065 0.4 0.660166 0.642991 0.653693
60549 1.71747 0.4 0.652083 0.63745 0.651876
60599 1.71247 0.4 0.657391 0.63219 0.642066
60649 1.71141 0.4 0.668643 0.641773 0.651041
60699 1.71603 0.4 0.647449 0.633456 0.64782
60749 1.72206 0.4 0.655451 0.624888 0.654437
60799 1.7087 0.4 0.66313 0.618662 0.640642
60849 1.70246 0.4 0.650165 0.627637 0.64149
60899 1.71242 0.4 0.65981 0.628693 0.644511
60949 1.70668 0.4 0.650462 0.628672 0.658758
60999 1.71843 0.4 0.672774 0.618967 0.64081
61049 1.7237 0.4 0.661254 0.624836 0.650682
61099 1.71346 0.4 0.657952 0.625781 0.652031
61149 1.71616 0.4 0.665877 0.638873 0.649558
61199 1.7031 0.4 0.67669 0.631835 0.647585
61249 1.71592 0.4 0.665023 0.633861 0.647302
61299 1.71904 0.4 0.660514 0.621852 0.64976
61349 1.716 0.4 0.664255 0.648991 0.653368
61399 1.7025 0.4 0.652153 0.642008 0.650878
61449 1.72045 0.4 0.64751 0.614038 0.65151
61499 1.71121 0.4 0.655013 0.621764 0.652253
61549 1.71381 0.4 0.656284 0.631835 0.650493
61599 1.72141 0.4 0.661477 0.638383 0.646204
61649 1.7149 0.4 0.661237 0.640231 0.648563
61699 1.70843 0.4 0.649478 0.626386 0.636033
61749 1.715 0.4 0.663106 0.636678 0.641278
61799 1.71028 0.4 0.655074 0.629915 0.65375
61849 1.72505 0.4 0.664287 0.644927 0.645666
61899 1.71428 0.4 0.662348 0.63671 0.648004
61949 1.70672 0.4 0.648624 0.639084 0.637675
61999 1.71014 0.4 0.651494 0.631667 0.646589
62049 1.7137 0.4 0.669358 0.634071 0.650433
62099 1.71685 0.4 0.663618 0.638681 0.648465
62149 1.70123 0.4 0.674963 0.638454 0.644537
62199 1.70875 0.4 0.665664 0.638084 0.639387
62249 1.70961 0.4 0.662244 0.6342 0.649774
62299 1.7114 0.4 0.661782 0.635543 0.646965
62349 1.70183 0.4 0.655546 0.62035 0.657632
62399 1.71076 0.4 0.659214 0.639557 0.638062
62449 1.7113 0.4 0.666614 0.64552 0.643906
62499 1.71284 0.4 0.667144 0.632133 0.64791
62549 1.72352 0.4 0.65496 0.628656 0.642479
62599 1.71583 0.4 0.674207 0.643904 0.641838
62649 1.70997 0.4 0.663472 0.623775 0.646998
62699 1.70102 0.4 0.65573 0.627059 0.642244
62749 1.7165 0.4 0.661686 0.637922 0.642794
62799 1.71369 0.4 0.653322 0.630723 0.651858
62849 1.71555 0.4 0.656491 0.635088 0.652048
62899 1.70553 0.4 0.676864 0.624271 0.650648
62949 1.70356 0.4 0.662817 0.636365 0.655546
62999 1.70878 0.4 0.64414 0.628452 0.667088
63049 1.70746 0.4 0.665012 0.630951 0.638503
63099 1.71035 0.4 0.659532 0.629509 0.641767
63149 1.71368 0.4 0.656672 0.618481 0.651111
63199 1.70696 0.4 0.657069 0.640272 0.641413
63249 1.71697 0.4 0.657186 0.636821 0.647589
63299 1.71593 0.4 0.652832 0.633695 0.659619
63349 1.71774 0.4 0.660017 0.631822 0.659875
63399 1.708 0.4 0.66221 0.631223 0.642556
63449 1.71236 0.4 0.674833 0.63257 0.647394
63499 1.71616 0.4 0.657176 0.630105 0.65529
63549 1.70681 0.4 0.654471 0.629564 0.651623
63599 1.71411 0.4 0.662254 0.639928 0.655084
63649 1.70352 0.4 0.656486 0.64246 0.647964
63699 1.71369 0.4 0.664442 0.629858 0.641191
63749 1.7201 0.4 0.654144 0.62044 0.652466
63799 1.70966 0.4 0.644958 0.632014 0.652867
63849 1.71702 0.4 0.663322 0.636061 0.648138
63899 1.71752 0.4 0.658179 0.62904 0.65003
63949 1.71196 0.4 0.657426 0.63716 0.650432
63999 1.69983 0.4 0.659608 0.638868 0.63015
64049 1.70264 0.4 0.661403 0.629028 0.653237
64099 1.721 0.4 0.658318 0.630731 0.642808
64149 1.70853 0.4 0.647652 0.627358 0.64795
64199 1.70602 0.4 0.653658 0.635504 0.651464
64249 1.70206 0.4 0.649764 0.635754 0.654344
64299 1.70764 0.4 0.662316 0.643326 0.650007
64349 1.70801 0.4 0.658059 0.638798 0.648055
64399 1.6997 0.4 0.667358 0.633258 0.643932
64449 1.71167 0.4 0.659032 0.628605 0.655803
64499 1.71105 0.4 0.663346 0.632826 0.650969
64549 1.71643 0.4 0.656912 0.627052 0.654901
64599 1.70528 0.4 0.648664 0.635312 0.649166
64649 1.71249 0.4 0.660782 0.632666 0.652599
64699 1.70873 0.4 0.660443 0.621002 0.640782
64749 1.70751 0.4 0.665587 0.621139 0.65113
64799 1.70967 0.4 0.669526 0.632202 0.658792
64849 1.70421 0.4 0.662442 0.632824 0.642958
64899 1.69549 0.4 0.638152 0.624795 0.653569
64949 1.70401 0.4 0.661743 0.647852 0.654306
64999 1.70602 0.4 0.655867 0.62624 0.655256
65049 1.70214 0.4 0.661104 0.636573 0.648465
65099 1.70724 0.4 0.655623 0.627982 0.660493
65149 1.70855 0.4 0.652694 0.625211 0.658469
65199 1.7001 0.4 0.670498 0.627676 0.644997
65249 1.70449 0.4 0.652119 0.640308 0.654642
65299 1.70915 0.4 0.665881 0.630993 0.645115
65349 1.70593 0.4 0.664091 0.633707 0.649568
65399 1.70078 0.4 0.646114 0.631089 0.645236
65449 1.71423 0.4 0.660906 0.639214 0.654642
65499 1.69581 0.4 0.655663 0.629071 0.650564
65549 1.70525 0.4 0.66346 0.645731 0.64802
65599 1.69717 0.4 0.664756 0.642087 0.641742
65649 1.70328 0.4 0.668693 0.644183 0.647726
65699 1.69491 0.4 0.656281 0.642535 0.646385
65749 1.69417 0.4 0.657757 0.63228 0.653112
65799 1.71343 0.4 0.665768 0.631865 0.648308
65849 1.70228 0.4 0.66003 0.647273 0.643354
65899 1.71154 0.4 0.671435 0.617792 0.650028
65949 1.70268 0.4 0.669477 0.63229 0.640606
65999 1.69534 0.4 0.659242 0.640412 0.646713
66049 1.70327 0.4 0.66313 0.635129 0.651232
66099 1.69625 0.4 0.664613 0.63824 0.644952
66149 1.70521 0.4 0.659425 0.628099 0.645161
66199 1.7095 0.4 0.661946 0.639944 0.657835
66249 1.70326 0.4 0.664155 0.629438 0.647037
66299 1.71176 0.4 0.661104 0.643862 0.648757
66349 1.70673 0.4 0.653537 0.617708 0.657579
66399 1.70669 0.4 0.656066 0.631992 0.655462
66449 1.70324 0.4 0.648579 0.625198 0.645019
66499 1.69956 0.4 0.656631 0.634757 0.643238
66549 1.69833 0.4 0.651667 0.628715 0.641377
66599 1.69959 0.4 0.663735 0.610819 0.652264
66649 1.72049 0.4 0.662024 0.637291 0.65438
66699 1.68754 0.4 0.649341 0.629689 0.646398
66749 1.69612 0.4 0.671058 0.632081 0.651594
66799 1.70525 0.4 0.660995 0.629595 0.652476
66849 1.70047 0.4 0.666366 0.632907 0.653113
66899 1.69998 0.4 0.655686 0.637857 0.653159
66949 1.70881 0.4 0.669692 0.62368 0.642353
66999 1.70921 0.4 0.664711 0.637694 0.642
67049 1.69544 0.4 0.663673 0.628123 0.641778
67099 1.70827 0.4 0.644413 0.645658 0.648138
67149 1.71152 0.4 0.663758 0.634712 0.659441
67199 1.71248 0.4 0.657762 0.642246 0.657384
67249 1.7049 0.4 0.6635 0.637049 0.651645
67299 1.70365 0.4 0.651011 0.629756 0.654273
67349 1.70792 0.4 0.660122 0.632291 0.654088
67399 1.70391 0.4 0.653655 0.641982 0.651425
67449 1.70465 0.4 0.658078 0.616456 0.660767
67499 1.72441 0.4 0.649315 0.652236 0.64679
67549 1.69946 0.4 0.65671 0.627061 0.642701
67599 1.70407 0.4 0.656337 0.62913 0.644814
67649 1.71538 0.4 0.664819 0.639165 0.646821
67699 1.70391 0.4 0.658143 0.621879 0.652098
67749 1.70397 0.4 0.666133 0.62602 0.649541
67799 1.69139 0.4 0.669772 0.634431 0.65648
67849 1.71114 0.4 0.65828 0.635645 0.643536
67899 1.70097 0.4 0.661627 0.636208 0.652347
67949 1.70322 0.4 0.649001 0.62212 0.652222
67999 1.69765 0.4 0.649543 0.640032 0.652051
68049 1.70879 0.4 0.660808 0.626442 0.649243
68099 1.70877 0.4 0.661071 0.632176 0.653092
68149 1.72355 0.4 0.664697 0.642213 0.639585
68199 1.68985 0.4 0.661129 0.637221 0.643242
68249 1.70914 0.4 0.654236 0.642817 0.645767
68299 1.69681 0.4 0.656496 0.617284 0.653716
68349 1.7068 0.4 0.655095 0.62976 0.644651
68399 1.69138 0.4 0.663743 0.633016 0.657717
68449 1.70494 0.4 0.654506 0.635644 0.646522
68499 1.70479 0.4 0.661443 0.641512 0.653042
68549 1.70915 0.4 0.656537 0.644351 0.648113
68599 1.70631 0.4 0.65883 0.623944 0.646475
68649 1.70025 0.4 0.659176 0.623614 0.637453
68699 1.72289 0.4 0.659024 0.616033 0.642546
68749 1.71597 0.4 0.65886 0.618924 0.650544
68799 1.70072 0.4 0.648844 0.632016 0.6598
68849 1.70065 0.4 0.661576 0.625636 0.65421
68899 1.69848 0.4 0.6558 0.632046 0.652225
68949 1.69508 0.4 0.65332 0.635346 0.642169
68999 1.70936 0.4 0.650186 0.641534 0.652621
69049 1.7077 0.4 0.655148 0.621602 0.646143
69099 1.69874 0.4 0.64886 0.640369 0.647637
69149 1.69698 0.4 0.651836 0.647918 0.653398
69199 1.69277 0.4 0.666914 0.63865 0.643584
69249 1.70928 0.4 0.6419 0.63334 0.649882
69299 1.69702 0.4 0.658496 0.632959 0.644399
69349 1.69949 0.4 0.657017 0.633586 0.651159
69399 1.69554 0.4 0.659955 0.632691 0.647109
69449 1.71116 0.4 0.650212 0.62289 0.649036
69499 1.69628 0.4 0.651325 0.624325 0.656422
69549 1.69303 0.4 0.655011 0.628951 0.655388
69599 1.70429 0.4 0.656883 0.637344 0.647047
69649 1.69368 0.4 0.655711 0.625877 0.656338
69699 1.70536 0.4 0.639897 0.626464 0.6472
69749 1.69161 0.4 0.657148 0.640417 0.643112
69799 1.70425 0.4 0.653974 0.628206 0.648733
69849 1.70568 0.4 0.654902 0.629258 0.64844
69899 1.70314 0.4 0.644379 0.622798 0.647312
69949 1.69882 0.4 0.660143 0.642884 0.648622
69999 1.70336 0.4 0.663346 0.632352 0.651088
70049 1.69919 0.4 0.65813 0.623399 0.635731
70099 1.70214 0.4 0.649652 0.633856 0.645882
70149 1.70333 0.4 0.661319 0.631262 0.645806
70199 1.70443 0.4 0.660296 0.627417 0.639641
70249 1.69005 0.4 0.658022 0.644252 0.648678
70299 1.70597 0.4 0.655976 0.638096 0.6533
70349 1.70656 0.4 0.667088 0.629811 0.652678
70399 1.69808 0.4 0.658156 0.64324 0.643925
70449 1.7039 0.4 0.645281 0.625305 0.650059
70499 1.7018 0.4 0.657847 0.629151 0.647204
70549 1.70433 0.4 0.669537 0.626267 0.64319
70599 1.70169 0.4 0.644358 0.633733 0.653105
70649 1.69939 0.4 0.65725 0.627349 0.652053
70699 1.69035 0.4 0.664951 0.632393 0.642247
70749 1.7034 0.4 0.662609 0.636311 0.657611
70799 1.70127 0.4 0.669769 0.634492 0.654848
70849 1.71678 0.4 0.661559 0.63355 0.647299
70899 1.70087 0.4 0.655998 0.636899 0.656842
70949 1.6948 0.4 0.657107 0.62692 0.64602
70999 1.7075 0.4 0.660847 0.629304 0.649878
71049 1.70002 0.4 0.666236 0.630771 0.65184
71099 1.70793 0.4 0.658709 0.633869 0.638849
71149 1.68221 0.4 0.653203 0.622592 0.650528
71199 1.69861 0.4 0.662395 0.622694 0.642432
71249 1.69793 0.4 0.659388 0.641336 0.649339
71299 1.69232 0.4 0.665551 0.636945 0.646442
71349 1.70603 0.4 0.646589 0.623766 0.646953
71399 1.70398 0.4 0.657713 0.643151 0.653364
71449 1.70019 0.4 0.665821 0.621599 0.642465
71499 1.70378 0.4 0.657499 0.650816 0.649063
71549 1.7002 0.4 0.658043 0.627547 0.654364
71599 1.69583 0.4 0.665 0.631936 0.652634
71649 1.69624 0.4 0.658388 0.644212 0.659108
71699 1.69859 0.4 0.647509 0.629455 0.648861
71749 1.70252 0.4 0.658489 0.626644 0.637984
71799 1.70584 0.4 0.674801 0.635979 0.650504
71849 1.70244 0.4 0.651976 0.62341 0.632771
71899 1.67979 0.4 0.659077 0.627644 0.645409
71949 1.69781 0.4 0.645098 0.633085 0.647927
71999 1.68931 0.4 0.668438 0.63377 0.646157
72049 1.68968 0.4 0.654067 0.637704 0.652256
72099 1.70138 0.4 0.64087 0.645422 0.641152
72149 1.70522 0.4 0.646023 0.641571 0.648691
72199 1.69945 0.4 0.656189 0.646783 0.651591
72249 1.69428 0.4 0.661397 0.622526 0.635351
72299 1.70666 0.4 0.656058 0.630937 0.652864
72349 1.69787 0.4 0.651092 0.636763 0.648409
72399 1.69207 0.4 0.638562 0.628125 0.64726
72449 1.69908 0.4 0.653299 0.631703 0.63436
72499 1.70854 0.4 0.658989 0.642927 0.653238
72549 1.6969 0.4 0.656044 0.651619 0.645114
72599 1.69223 0.4 0.656263 0.639812 0.652493
72649 1.69159 0.4 0.659585 0.643225 0.645624
72699 1.69705 0.4 0.658462 0.625794 0.653077
72749 1.6975 0.4 0.672898 0.636532 0.650888
72799 1.70391 0.4 0.65098 0.623462 0.656824
72849 1.70134 0.4 0.661944 0.634218 0.64808
72899 1.69452 0.4 0.651249 0.620718 0.638628
72949 1.70463 0.4 0.667742 0.635487 0.649247
72999 1.69065 0.4 0.660498 0.63798 0.646607
73049 1.70922 0.4 0.651986 0.630222 0.650485
73099 1.69512 0.4 0.653947 0.630982 0.655201
73149 1.69932 0.4 0.670961 0.629735 0.652561
73199 1.6858 0.4 0.65567 0.635472 0.651657
73249 1.70694 0.4 0.657158 0.631987 0.65099
73299 1.70003 0.4 0.664919 0.633805 0.647782
73349 1.70773 0.4 0.664555 0.621944 0.646325
73399 1.70205 0.4 0.646046 0.633248 0.64859
73449 1.71029 0.4 0.660752 0.636481 0.644603
73499 1.69997 0.4 0.656704 0.639623 0.641762
73549 1.69171 0.4 0.658229 0.6199 0.643529
73599 1.68547 0.4 0.659019 0.631416 0.646889
73649 1.68946 0.4 0.656151 0.633778 0.642782
73699 1.70561 0.4 0.655948 0.647383 0.648526
73749 1.69683 0.4 0.663196 0.629422 0.64254
73799 1.71078 0.4 0.650811 0.635585 0.643498
73849 1.7057 0.4 0.654136 0.625198 0.649928
73899 1.69515 0.4 0.66067 0.618445 0.656023
73949 1.68757 0.4 0.669497 0.637342 0.651245
73999 1.69163 0.4 0.655564 0.630418 0.646617
74049 1.70062 0.4 0.658739 0.637958 0.653045
74099 1.70217 0.4 0.652656 0.628923 0.655479
74149 1.69719 0.4 0.660765 0.639393 0.640911
74199 1.70612 0.4 0.654439 0.623613 0.644663
74249 1.68992 0.4 0.646125 0.631317 0.655707
74299 1.70262 0.4 0.65781 0.628804 0.649597
74349 1.69203 0.4 0.65416 0.640621 0.651088
74399 1.70006 0.4 0.657494 0.640624 0.653318
74449 1.69348 0.4 0.655329 0.624469 0.642707
74499 1.69539 0.4 0.655768 0.629616 0.655193
74549 1.70097 0.4 0.650298 0.630626 0.644582
74599 1.68911 0.4 0.65789 0.633966 0.645423
74649 1.69795 0.4 0.657084 0.629731 0.652505
74699 1.69207 0.4 0.645389 0.6278 0.659413
74749 1.6911 0.4 0.655066 0.638134 0.659988
74799 1.69418 0.4 0.650327 0.634559 0.65271
74849 1.67939 0.4 0.66905 0.627677 0.654676
74899 1.70554 0.4 0.654254 0.624805 0.652928
74949 1.69554 0.4 0.655758 0.627006 0.642795
74999 1.69195 0.4 0.651073 0.63248 0.65238
75049 1.70454 0.4 0.659837 0.637896 0.651635
75099 1.70081 0.4 0.663713 0.628853 0.657621
75149 1.7045 0.4 0.652664 0.632328 0.650185
75199 1.69567 0.4 0.661248 0.637702 0.64689
75249 1.7002 0.4 0.658985 0.634357 0.651967
75299 1.69688 0.4 0.662169 0.615135 0.652587
75349 1.69536 0.4 0.655533 0.624741 0.650578
75399 1.69813 0.4 0.656911 0.63462 0.658736
75449 1.68863 0.4 0.655731 0.638138 0.652711
75499 1.69937 0.4 0.658642 0.62919 0.648059
75549 1.69835 0.4 0.665436 0.636017 0.652074
75599 1.69618 0.4 0.650148 0.635454 0.649854
75649 1.69167 0.4 0.645073 0.631642 0.651251
75699 1.70671 0.4 0.661864 0.624974 0.655682
75749 1.68393 0.4 0.654812 0.646598 0.648726
75799 1.68733 0.4 0.649928 0.631749 0.65456
75849 1.69151 0.4 0.66819 0.634572 0.65137
75899 1.69125 0.4 0.660877 0.634924 0.649215
75949 1.69688 0.4 0.655946 0.635643 0.649424
75999 1.70962 0.4 0.666451 0.612042 0.644179
76049 1.70662 0.4 0.664342 0.632485 0.644008
76099 1.70221 0.4 0.656197 0.619535 0.647699
76149 1.68792 0.4 0.664171 0.634668 0.650067
76199 1.70146 0.4 0.648359 0.641379 0.645487
76249 1.70961 0.4 0.668544 0.621072 0.656627
76299 1.6987 0.4 0.660334 0.635647 0.64947
76349 1.6938 0.4 0.654074 0.633158 0.656644
76399 1.69565 0.4 0.652209 0.633592 0.650219
76449 1.69704 0.4 0.661919 0.643621 0.648463
76499 1.7066 0.4 0.651604 0.620572 0.649285
76549 1.69466 0.4 0.653049 0.629617 0.655738
76599 1.68811 0.4 0.654514 0.631508 0.646634
76649 1.6949 0.4 0.658558 0.634334 0.643213
76699 1.69667 0.4 0.666102 0.625191 0.645477
76749 1.68955 0.4 0.653732 0.63013 0.644925
76799 1.6885 0.4 0.657911 0.641653 0.64721
76849 1.7051 0.4 0.66759 0.619556 0.658386
76899 1.70296 0.4 0.663338 0.626927 0.644273
76949 1.68778 0.4 0.658573 0.642769 0.646366
76999 1.69212 0.4 0.659318 0.6433 0.648235
77049 1.69441 0.4 0.667742 0.632873 0.652309
77099 1.69259 0.4 0.658692 0.634892 0.652602
77149 1.70237 0.4 0.648974 0.626904 0.643902
77199 1.7063 0.4 0.661915 0.618634 0.649057
77249 1.67652 0.4 0.658302 0.630172 0.648623
77299 1.69449 0.4 0.660727 0.637267 0.645047
77349 1.69443 0.4 0.646105 0.640124 0.646172
77399 1.68539 0.4 0.664306 0.630093 0.654473
77449 1.69271 0.4 0.652406 0.628841 0.649369
77499 1.70234 0.4 0.655722 0.633685 0.647686
77549 1.6846 0.4 0.663254 0.63868 0.644588
77599 1.69455 0.4 0.657495 0.635904 0.655632
77649 1.70079 0.4 0.662278 0.612935 0.649034
77699 1.69982 0.4 0.667885 0.653093 0.644621
77749 1.69312 0.4 0.657916 0.632861 0.647715
77799 1.68649 0.4 0.655896 0.647906 0.648614
77849 1.69428 0.4 0.643086 0.627363 0.649332
77899 1.68938 0.4 0.647699 0.640115 0.64837
77949 1.68344 0.4 0.667522 0.634545 0.651371
77999 1.69315 0.4 0.648274 0.63468 0.650205
78049 1.69085 0.4 0.666801 0.636502 0.649087
78099 1.69414 0.4 0.648678 0.630979 0.648285
78149 1.69826 0.4 0.66914 0.648595 0.645193
78199 1.68673 0.4 0.656801 0.632433 0.642606
78249 1.69186 0.4 0.666553 0.63311 0.647339
78299 1.69598 0.4 0.664434 0.634572 0.65135
78349 1.70328 0.4 0.659272 0.631307 0.658544
78399 1.69297 0.4 0.660961 0.625446 0.654369
78449 1.70559 0.4 0.667233 0.638754 0.653134
78499 1.69761 0.4 0.656529 0.625924 0.640559
78549 1.67877 0.4 0.648804 0.638063 0.642336
78599 1.68786 0.4 0.673797 0.63176 0.647311
78649 1.69567 0.4 0.662706 0.639989 0.651547
78699 1.68642 0.4 0.643486 0.631152 0.641885
78749 1.6968 0.4 0.657767 0.631721 0.6587
78799 1.70034 0.4 0.653268 0.634301 0.644822
78849 1.6851 0.4 0.66127 0.628418 0.653714
78899 1.69327 0.4 0.654398 0.628825 0.656424
78949 1.69148 0.4 0.658462 0.623857 0.663308
78999 1.69909 0.4 0.653801 0.636103 0.654349
79049 1.70164 0.4 0.657397 0.632511 0.653623
79099 1.68343 0.4 0.649085 0.626947 0.657018
79149 1.70501 0.4 0.660716 0.629742 0.645248
79199 1.67969 0.4 0.659634 0.62731 0.648427
79249 1.69707 0.4 0.654573 0.620285 0.650735
79299 1.69561 0.4 0.661525 0.61976 0.640653
79349 1.71086 0.4 0.650594 0.644394 0.645033
79399 1.70266 0.4 0.665624 0.625777 0.650888
79449 1.69449 0.4 0.677744 0.630229 0.642024
79499 1.69483 0.4 0.649214 0.632638 0.643418
79549 1.68544 0.4 0.658164 0.642955 0.651683
79599 1.70465 0.4 0.658557 0.63607 0.654536
79649 1.6963 0.4 0.658176 0.636952 0.645378
79699 1.69091 0.4 0.645542 0.634556 0.649708
79749 1.69717 0.4 0.652252 0.61238 0.639182
79799 1.69366 0.4 0.65979 0.631162 0.64524
79849 1.69394 0.4 0.653983 0.641478 0.657461
79899 1.69198 0.4 0.646636 0.639593 0.644355
79949 1.68264 0.4 0.653091 0.630127 0.641803
79999 1.70151 0.4 0.659202 0.631949 0.643526
80049 1.69838 0.4 0.660573 0.639344 0.651768
80099 1.68704 0.4 0.651743 0.624521 0.649239
80149 1.68171 0.4 0.651558 0.618069 0.651288
80199 1.69486 0.4 0.646016 0.628103 0.653527
80249 1.69633 0.4 0.655774 0.626915 0.647875
80299 1.6814 0.4 0.657882 0.63321 0.643019
80349 1.69185 0.4 0.647028 0.636457 0.645
80399 1.68066 0.4 0.650008 0.629702 0.651752
80449 1.70141 0.4 0.665595 0.639211 0.651394
80499 1.6893 0.4 0.665892 0.629687 0.652434
80549 1.67578 0.4 0.652237 0.63009 0.651322
80599 1.68775 0.4 0.659351 0.638789 0.643914
80649 1.69541 0.4 0.645265 0.6321 0.648763
80699 1.69536 0.4 0.660825 0.611028 0.654759
80749 1.68171 0.4 0.659889 0.618908 0.640739
80799 1.6865 0.4 0.659214 0.643695 0.648338
80849 1.68872 0.4 0.661631 0.632477 0.641062
80899 1.69319 0.4 0.660165 0.617967 0.655877
80949 1.70368 0.4 0.652501 0.624474 0.645246
80999 1.69375 0.4 0.64631 0.639805 0.653149
81049 1.68482 0.4 0.666885 0.626067 0.642962
81099 1.69361 0.4 0.664246 0.63619 0.64611
81149 1.69661 0.4 0.654174 0.62556 0.65883
81199 1.68584 0.4 0.65569 0.630174 0.651484
81249 1.69819 0.4 0.655 0.641642 0.648225
81299 1.68077 0.4 0.663996 0.629442 0.646178
81349 1.69168 0.4 0.670357 0.635116 0.647348
81399 1.6908 0.4 0.655692 0.634331 0.655574
81449 1.6965 0.4 0.655882 0.631577 0.644822
81499 1.69106 0.4 0.653211 0.637314 0.655939
81549 1.69308 0.4 0.656462 0.629313 0.646884
81599 1.68981 0.4 0.657513 0.63017 0.643033
81649 1.68076 0.4 0.669182 0.647734 0.654224
81699 1.68758 0.4 0.655361 0.634424 0.648554
81749 1.68791 0.4 0.658438 0.6268 0.64996
81799 1.68982 0.4 0.659489 0.630666 0.65635
81849 1.69303 0.4 0.656514 0.63389 0.651477
81899 1.6819 0.4 0.666284 0.621519 0.654086
81949 1.69953 0.4 0.665517 0.635541 0.647749
81999 1.67735 0.4 0.665722 0.625596 0.643341
82049 1.68966 0.4 0.648558 0.622751 0.64624
82099 1.70586 0.4 0.660078 0.631477 0.650652
82149 1.68934 0.4 0.653928 0.618482 0.653603
82199 1.68588 0.4 0.643666 0.62629 0.644969
82249 1.68899 0.4 0.667178 0.636781 0.644405
82299 1.68151 0.4 0.651955 0.613225 0.642443
82349 1.68901 0.4 0.661827 0.624304 0.662359
82399 1.69472 0.4 0.662842 0.631832 0.653584
82449 1.67525 0.4 0.661585 0.627118 0.652104
82499 1.70055 0.4 0.660546 0.634288 0.646925
82549 1.68472 0.4 0.658838 0.629567 0.643444
82599 1.68425 0.4 0.667158 0.637974 0.652459
82649 1.68608 0.4 0.668743 0.622205 0.646669
82699 1.69084 0.4 0.665803 0.624507 0.64266
82749 1.68975 0.4 0.663899 0.624276 0.657572
82799 1.68806 0.4 0.661966 0.617165 0.659862
82849 1.68397 0.4 0.651586 0.645883 0.648115
82899 1.69256 0.4 0.653785 0.63591 0.653412
82949 1.68401 0.4 0.657261 0.623672 0.644148
82999 1.68989 0.4 0.665011 0.637469 0.646614
83049 1.6931 0.4 0.655334 0.635769 0.635075
83099 1.69023 0.4 0.64662 0.619808 0.650296
83149 1.68085 0.4 0.648655 0.646114 0.637813
83199 1.68877 0.4 0.665018 0.623842 0.645768
83249 1.6909 0.4 0.660658 0.638836 0.641693
83299 1.69506 0.4 0.648684 0.625004 0.645686
83349 1.67884 0.4 0.654291 0.631756 0.655672
83399 1.69267 0.4 0.655611 0.639109 0.654526
83449 1.69434 0.4 0.64898 0.640646 0.647577
83499 1.69173 0.4 0.654996 0.639436 0.649705
83549 1.68709 0.4 0.66145 0.635711 0.64782
83599 1.6959 0.4 0.659362 0.636103 0.661095
83649 1.67495 0.4 0.654615 0.630072 0.654909
83699 1.68723 0.4 0.657869 0.62629 0.642314
83749 1.68576 0.4 0.647998 0.63804 0.650565
83799 1.68641 0.4 0.655533 0.629094 0.651489
83849 1.67801 0.4 0.653871 0.629029 0.652201
83899 1.68754 0.4 0.663229 0.622459 0.641655
83949 1.69206 0.4 0.659333 0.630178 0.641891
83999 1.67706 0.4 0.656118 0.638103 0.655725
84049 1.69786 0.4 0.647707 0.643556 0.655878
84099 1.68657 0.4 0.653221 0.64271 0.641605
84149 1.69101 0.4 0.647163 0.623029 0.649486
84199 1.68564 0.4 0.663034 0.62749 0.643379
84249 1.66976 0.4 0.664794 0.648286 0.645527
84299 1.70184 0.4 0.655538 0.638957 0.650724
84349 1.69174 0.4 0.652691 0.625659 0.648357
84399 1.68713 0.4 0.653603 0.630337 0.649676
84449 1.67313 0.4 0.648537 0.629172 0.647264
84499 1.69458 0.4 0.662576 0.633224 0.648909
84549 1.67453 0.4 0.657943 0.628896 0.644245
84599 1.6783 0.4 0.658489 0.633081 0.646975
84649 1.69086 0.4 0.663363 0.626762 0.6584
84699 1.69094 0.4 0.655709 0.634705 0.649136
84749 1.67848 0.4 0.660519 0.628822 0.65036
84799 1.69033 0.4 0.655516 0.632465 0.64644
84849 1.68874 0.4 0.659659 0.62695 0.652499
84899 1.68219 0.4 0.653974 0.624164 0.645141
84949 1.67927 0.4 0.659364 0.631374 0.661025
84999 1.68706 0.4 0.656843 0.619022 0.650646
85049 1.68987 0.4 0.659698 0.633446 0.650956
85099 1.69153 0.4 0.657808 0.629638 0.661529
85149 1.68305 0.4 0.662052 0.634751 0.65212
85199 1.6894 0.4 0.653851 0.640737 0.65205
85249 1.68448 0.4 0.672503 0.632623 0.64944
85299 1.67948 0.4 0.665859 0.617674 0.661608
85349 1.7092 0.4 0.653424 0.632666 0.651652
85399 1.69507 0.4 0.65136 0.629491 0.647487
85449 1.69364 0.4 0.656744 0.636991 0.64869
85499 1.68212 0.4 0.661581 0.639389 0.656523
85549 1.68689 0.4 0.656714 0.629417 0.641516
85599 1.69058 0.4 0.662045 0.621595 0.64804
85649 1.68481 0.4 0.666299 0.648993 0.643835
85699 1.68744 0.4 0.650385 0.630258 0.653594
85749 1.70215 0.4 0.665901 0.640761 0.642075
85799 1.69311 0.4 0.652518 0.617997 0.646252
85849 1.69182 0.4 0.658267 0.642252 0.649348
85899 1.69072 0.4 0.645797 0.633938 0.649694
85949 1.7025 0.4 0.651072 0.629405 0.647076
85999 1.69526 0.4 0.659004 0.639752 0.653216
86049 1.68898 0.4 0.664808 0.628368 0.65135
86099 1.69568 0.4 0.650829 0.612622 0.645139
86149 1.6769 0.4 0.653529 0.632888 0.657822
86199 1.70355 0.4 0.662774 0.642562 0.645797
86249 1.67965 0.4 0.663339 0.624244 0.644552
86299 1.6928 0.4 0.659273 0.63079 0.647597
86349 1.69021 0.4 0.649817 0.62826 0.644444
86399 1.67746 0.4 0.660075 0.632249 0.649726
86449 1.68453 0.4 0.646506 0.629597 0.657898
86499 1.69405 0.4 0.66611 0.631283 0.642051
86549 1.68977 0.4 0.652777 0.625612 0.647917
86599 1.68799 0.4 0.663778 0.623861 0.651559
86649 1.68309 0.4 0.660212 0.630804 0.649477
86699 1.68135 0.4 0.655601 0.617405 0.64899
86749 1.68925 0.4 0.664976 0.633175 0.651867
86799 1.67909 0.4 0.641181 0.632906 0.652191
86849 1.68165 0.4 0.653965 0.617514 0.639893
86899 1.67861 0.4 0.662007 0.640817 0.653615
86949 1.69866 0.4 0.659286 0.632697 0.644921
86999 1.68099 0.4 0.661887 0.63108 0.649144
87049 1.6843 0.4 0.655246 0.631466 0.65464
87099 1.68007 0.4 0.666054 0.624699 0.652484
87149 1.68793 0.4 0.658565 0.643847 0.64625
87199 1.69318 0.4 0.652177 0.634501 0.649956
87249 1.67662 0.4 0.663881 0.629164 0.648028
87299 1.70129 0.4 0.64391 0.636629 0.649995
87349 1.68645 0.4 0.658013 0.619281 0.652852
87399 1.68773 0.4 0.656919 0.628165 0.643953
87449 1.68769 0.4 0.663809 0.63793 0.651995
87499 1.68085 0.4 0.655504 0.631574 0.648404
87549 1.68597 0.4 0.646121 0.634934 0.652732
87599 1.68809 0.4 0.662674 0.627809 0.652932
87649 1.68141 0.4 0.656108 0.62632 0.650315
87699 1.6637 0.4 0.663876 0.638174 0.648667
87749 1.68579 0.4 0.657696 0.621775 0.645683
87799 1.67935 0.4 0.661288 0.627265 0.641986
87849 1.6953 0.4 0.664068 0.643241 0.646563
87899 1.69146 0.4 0.65898 0.629852 0.64866
87949 1.68044 0.4 0.656433 0.623014 0.64605
87999 1.66441 0.4 0.664575 0.622009 0.645361
88049 1.68563 0.4 0.65449 0.636014 0.655117
88099 1.67927 0.4 0.670552 0.633192 0.65111
88149 1.68319 0.4 0.662719 0.637915 0.654292
88199 1.67607 0.4 0.65602 0.635769 0.653273
88249 1.68921 0.4 0.668828 0.627641 0.656822
88299 1.68618 0.4 0.649189 0.613415 0.646068
88349 1.68601 0.4 0.659075 0.617571 0.645762
88399 1.67692 0.4 0.653294 0.632302 0.644959
88449 1.67655 0.4 0.646862 0.618776 0.642942
88499 1.68219 0.4 0.655 0.643671 0.649151
88549 1.69556 0.4 0.65881 0.641007 0.646143
88599 1.68589 0.4 0.662306 0.632735 0.656826
88649 1.68303 0.4 0.653082 0.628313 0.646898
88699 1.68563 0.4 0.65234 0.62232 0.650975
88749 1.70383 0.4 0.660454 0.629043 0.641459
88799 1.69006 0.4 0.658155 0.63135 0.643512
88849 1.691 0.4 0.651018 0.632339 0.652538
88899 1.69078 0.4 0.658984 0.631454 0.646166
88949 1.67371 0.4 0.663456 0.624798 0.649944
88999 1.67653 0.4 0.657867 0.621461 0.652976
89049 1.68971 0.4 0.648963 0.628343 0.648464
89099 1.69206 0.4 0.660828 0.623002 0.653138
89149 1.69192 0.4 0.660457 0.637667 0.64438
89199 1.68008 0.4 0.660709 0.630013 0.647342
89249 1.68379 0.4 0.661492 0.627967 0.651364
89299 1.6909 0.4 0.655263 0.628935 0.641342
89349 1.68152 0.4 0.662663 0.629968 0.63872
89399 1.67475 0.4 0.656423 0.629341 0.649361
89449 1.68384 0.4 0.649807 0.639375 0.64904
89499 1.67957 0.4 0.645581 0.630789 0.654241
89549 1.69052 0.4 0.64673 0.628383 0.648819
89599 1.67404 0.4 0.66062 0.630857 0.646752
89649 1.67353 0.4 0.661466 0.626413 0.645512
89699 1.69755 0.4 0.658701 0.63197 0.64545
89749 1.67819 0.4 0.661294 0.620876 0.641619
89799 1.6802 0.4 0.6584 0.614099 0.653132
89849 1.68526 0.4 0.648256 0.623093 0.639618
89899 1.67941 0.4 0.667816 0.622954 0.64749
89949 1.68296 0.4 0.659462 0.633698 0.649578
89999 1.69118 0.4 0.662704 0.630995 0.65723
90049 1.68373 0.4 0.650074 0.621336 0.648522
90099 1.68887 0.4 0.653783 0.62973 0.65969
90149 1.69817 0.4 0.65663 0.64691 0.646879
90199 1.67568 0.4 0.65634 0.633664 0.64701
90249 1.69006 0.4 0.663315 0.630591 0.651389
90299 1.6852 0.4 0.654753 0.631771 0.658062
90349 1.69088 0.4 0.645263 0.621422 0.64136
90399 1.67837 0.4 0.651339 0.623783 0.640644
90449 1.68931 0.4 0.653635 0.621817 0.648526
90499 1.67569 0.4 0.648896 0.635486 0.646383
90549 1.69027 0.4 0.653431 0.620494 0.648975
90599 1.67259 0.4 0.657765 0.624378 0.660198
90649 1.67503 0.4 0.660671 0.637456 0.650953
90699 1.6713 0.4 0.639077 0.626289 0.651087
90749 1.69528 0.4 0.654238 0.622939 0.645482
90799 1.67694 0.4 0.661091 0.620319 0.653347
90849 1.684 0.4 0.655192 0.637359 0.648682
90899 1.6845 0.4 0.663983 0.637192 0.64378
90949 1.68157 0.4 0.656448 0.617259 0.64544
90999 1.67561 0.4 0.649332 0.635132 0.650809
91049 1.68407 0.4 0.656386 0.625412 0.645703
91099 1.67446 0.4 0.659767 0.627822 0.648925
91149 1.67669 0.4 0.650861 0.636908 0.651833
91199 1.69114 0.4 0.656821 0.637519 0.64738
91249 1.69206 0.4 0.646539 0.622897 0.651519
91299 1.67819 0.4 0.652754 0.636728 0.641272
91349 1.68145 0.4 0.660254 0.641215 0.643049
91399 1.67137 0.4 0.654209 0.63863 0.65372
91449 1.67971 0.4 0.650311 0.631205 0.644318
91499 1.678 0.4 0.652677 0.634162 0.639213
91549 1.67388 0.4 0.650506 0.636742 0.637551
91599 1.69829 0.4 0.647029 0.625564 0.644653
91649 1.68589 0.4 0.659666 0.618812 0.646129
91699 1.6855 0.4 0.659084 0.63741 0.654529
91749 1.674 0.4 0.646172 0.638754 0.654216
91799 1.67215 0.4 0.644471 0.619133 0.643015
91849 1.67952 0.4 0.654324 0.625387 0.650483
91899 1.70224 0.4 0.664521 0.627791 0.645575
91949 1.66366 0.4 0.665701 0.640612 0.645179
91999 1.67898 0.4 0.641904 0.623049 0.651331
92049 1.67326 0.4 0.646308 0.619791 0.652839
92099 1.67882 0.4 0.661582 0.635086 0.652871
92149 1.67658 0.4 0.656831 0.629667 0.645749
92199 1.67849 0.4 0.665051 0.638615 0.646984
92249 1.68618 0.4 0.641237 0.626811 0.650583
92299 1.69403 0.4 0.650463 0.625925 0.646964
92349 1.6875 0.4 0.663868 0.63917 0.647761
92399 1.68758 0.4 0.663225 0.632391 0.643867
92449 1.69012 0.4 0.64936 0.643958 0.645721
92499 1.66977 0.4 0.668098 0.613619 0.648554
92549 1.6853 0.4 0.648814 0.622144 0.644093
92599 1.67329 0.4 0.668996 0.636481 0.656743
92649 1.68568 0.4 0.655233 0.640765 0.64429
92699 1.67633 0.4 0.658623 0.630249 0.649471
92749 1.68478 0.4 0.664303 0.636776 0.652225
92799 1.66949 0.4 0.647173 0.627886 0.645306
92849 1.67712 0.4 0.653334 0.634801 0.657437
92899 1.68674 0.4 0.65947 0.631078 0.655929
92949 1.67881 0.4 0.654383 0.636896 0.651264
92999 1.68523 0.4 0.652934 0.638497 0.641443
93049 1.67619 0.4 0.649618 0.624478 0.656255
93099 1.69713 0.4 0.650507 0.631958 0.652171
93149 1.67271 0.4 0.648257 0.627207 0.648178
93199 1.69167 0.4 0.660801 0.628465 0.653048
93249 1.6697 0.4 0.660736 0.630692 0.642971
93299 1.67658 0.4 0.656785 0.641141 0.651274
93349 1.6781 0.4 0.651275 0.617126 0.648389
93399 1.68646 0.4 0.65626 0.63248 0.638392
93449 1.68197 0.4 0.652152 0.631796 0.659482
93499 1.66655 0.4 0.662808 0.62573 0.650988
93549 1.68034 0.4 0.656808 0.638634 0.647336
93599 1.68952 0.4 0.649948 0.624554 0.637747
93649 1.67238 0.4 0.651467 0.621841 0.650478
93699 1.68098 0.4 0.651577 0.617647 0.647617
93749 1.68702 0.4 0.661818 0.624746 0.660425
93799 1.68981 0.4 0.667738 0.616649 0.648798
93849 1.6791 0.4 0.64558 0.619799 0.647652
93899 1.689 0.4 0.654493 0.62899 0.657464
93949 1.6926 0.4 0.654976 0.632238 0.655667
93999 1.6869 0.4 0.656449 0.628299 0.649371
94049 1.67494 0.4 0.653218 0.632536 0.654748
94099 1.68019 0.4 0.662994 0.636614 0.647671
94149 1.68742 0.4 0.664476 0.6362 0.642784
94199 1.69125 0.4 0.661777 0.642979 0.650095
94249 1.67942 0.4 0.662238 0.636338 0.659347
94299 1.67427 0.4 0.646574 0.628133 0.654946
94349 1.67594 0.4 0.664554 0.63117 0.644509
94399 1.68555 0.4 0.659972 0.630171 0.654723
94449 1.66872 0.4 0.653305 0.62406 0.653549
94499 1.67439 0.4 0.647577 0.626488 0.649851
94549 1.66593 0.4 0.654755 0.636371 0.65012
94599 1.68527 0.4 0.660909 0.616922 0.643085
94649 1.68066 0.4 0.65849 0.636001 0.645413
94699 1.6843 0.4 0.649389 0.644589 0.647187
94749 1.68172 0.4 0.650263 0.628741 0.644697
94799 1.69311 0.4 0.665033 0.626293 0.642965
94849 1.67977 0.4 0.669122 0.629906 0.649341
94899 1.67813 0.4 0.651577 0.638936 0.649971
94949 1.67389 0.4 0.662075 0.619274 0.650587
94999 1.67421 0.4 0.658103 0.638726 0.644281
95049 1.66943 0.4 0.65357 0.619492 0.644046
95099 1.68568 0.4 0.653545 0.632969 0.647176
95149 1.67805 0.4 0.646089 0.63196 0.657532
95199 1.67406 0.4 0.644533 0.635226 0.63111
95249 1.67983 0.4 0.656393 0.643564 0.650121
95299 1.66004 0.4 0.640251 0.633388 0.647781
95349 1.67659 0.4 0.6554 0.634347 0.65207
95399 1.68568 0.4 0.655917 0.640796 0.64486
95449 1.67988 0.4 0.66 0.634351 0.651554
95499 1.67807 0.4 0.638426 0.637606 0.652935
95549 1.68086 0.4 0.653529 0.635268 0.648095
95599 1.67162 0.4 0.657391 0.620562 0.640724
95649 1.67568 0.4 0.664553 0.634402 0.652525
95699 1.67033 0.4 0.65252 0.628426 0.645502
95749 1.67268 0.4 0.665928 0.636094 0.650282
95799 1.68856 0.4 0.661277 0.636587 0.6392
95849 1.68605 0.4 0.651167 0.629739 0.648641
95899 1.67018 0.4 0.663446 0.628789 0.646144
95949 1.67621 0.4 0.643812 0.627267 0.647202
95999 1.67113 0.4 0.652791 0.638239 0.633032
96049 1.68514 0.4 0.659003 0.640477 0.650985
96099 1.68155 0.4 0.655423 0.630234 0.64452
96149 1.66819 0.4 0.656617 0.636166 0.656942
96199 1.6806 0.4 0.659515 0.637153 0.653299
96249 1.66983 0.4 0.659067 0.631932 0.641349
96299 1.68565 0.4 0.659843 0.623116 0.646586
96349 1.68458 0.4 0.649493 0.62071 0.648835
96399 1.68506 0.4 0.66391 0.618948 0.650036
96449 1.68481 0.4 0.664981 0.621499 0.647627
96499 1.67231 0.4 0.642042 0.633396 0.65562
96549 1.6717 0.4 0.665317 0.642249 0.648831
96599 1.67811 0.4 0.641405 0.63461 0.641863
96649 1.67457 0.4 0.657987 0.625853 0.645706
96699 1.68507 0.4 0.659808 0.62337 0.645358
96749 1.67769 0.4 0.658856 0.643685 0.647369
96799 1.67031 0.4 0.650892 0.624876 0.653017
96849 1.66822 0.4 0.658329 0.634177 0.645704
96899 1.66352 0.4 0.659986 0.634552 0.650761
96949 1.6755 0.4 0.654382 0.618708 0.655903
96999 1.67651 0.4 0.655644 0.622088 0.646055
97049 1.67814 0.4 0.661556 0.63222 0.647069
97099 1.67079 0.4 0.659914 0.641286 0.642065
97149 1.67809 0.4 0.656939 0.631718 0.6465
97199 1.66742 0.4 0.662412 0.633262 0.646267
97249 1.67041 0.4 0.666883 0.624613 0.648754
97299 1.67947 0.4 0.649668 0.637822 0.650451
97349 1.68338 0.4 0.657289 0.621968 0.649313
97399 1.66936 0.4 0.659235 0.627605 0.650768
97449 1.67332 0.4 0.669952 0.635649 0.645398
97499 1.68689 0.4 0.657794 0.629055 0.652065
97549 1.67386 0.4 0.647909 0.638892 0.64073
97599 1.67814 0.4 0.645893 0.63257 0.648456
97649 1.66703 0.4 0.667407 0.632153 0.655623
97699 1.67527 0.4 0.664442 0.62634 0.642635
97749 1.67108 0.4 0.652277 0.624461 0.648894
97799 1.68234 0.4 0.638244 0.625296 0.646168
97849 1.67788 0.4 0.653699 0.634241 0.646624
97899 1.67177 0.4 0.657216 0.625918 0.652577
97949 1.67391 0.4 0.656883 0.636271 0.6448
97999 1.67347 0.4 0.660647 0.643707 0.643652
98049 1.67564 0.4 0.648117 0.635841 0.65241
98099 1.67304 0.4 0.655752 0.636005 0.644299
98149 1.66627 0.4 0.638203 0.622739 0.646735
98199 1.67823 0.4 0.65936 0.626654 0.651097
98249 1.68232 0.4 0.656944 0.631456 0.652984
98299 1.68131 0.4 0.65374 0.644016 0.648779
98349 1.67423 0.4 0.660275 0.637478 0.650563
98399 1.67822 0.4 0.653475 0.64659 0.653399
98449 1.67998 0.4 0.648271 0.640161 0.6363
98499 1.67872 0.4 0.656827 0.627679 0.649764
98549 1.68561 0.4 0.646456 0.632527 0.65352
98599 1.68131 0.4 0.648838 0.621248 0.647606
98649 1.67969 0.4 0.668504 0.638968 0.651049
98699 1.67672 0.4 0.637081 0.627381 0.654755
98749 1.67811 0.4 0.666659 0.629476 0.646614
98799 1.68187 0.4 0.662602 0.635117 0.654534
98849 1.68301 0.4 0.651556 0.638209 0.646917
98899 1.66954 0.4 0.651494 0.640576 0.651793
98949 1.67483 0.4 0.664015 0.624824 0.656876
98999 1.67955 0.4 0.653455 0.636238 0.643635
99049 1.67478 0.4 0.648727 0.641136 0.649463
99099 1.67151 0.4 0.654483 0.643499 0.654835
99149 1.67682 0.4 0.644813 0.621771 0.64296
99199 1.66869 0.4 0.659499 0.636043 0.642386
99249 1.668 0.4 0.64657 0.640133 0.643944
99299 1.67805 0.4 0.655979 0.621603 0.646363
99349 1.68341 0.4 0.653026 0.635977 0.649602
99399 1.68358 0.4 0.656062 0.63112 0.654238
99449 1.68175 0.4 0.669131 0.638533 0.656766
99499 1.68177 0.4 0.658527 0.642964 0.646193
99549 1.6528 0.4 0.657454 0.626161 0.649213
99599 1.67375 0.4 0.654158 0.620757 0.647834
99649 1.68532 0.4 0.663365 0.622687 0.648177
99699 1.67084 0.4 0.660278 0.621951 0.648568
99749 1.67994 0.4 0.649084 0.629832 0.649426
99799 1.67363 0.4 0.652669 0.62634 0.653051
99849 1.67517 0.4 0.664295 0.631333 0.647913
99899 1.67381 0.4 0.648918 0.618367 0.652756
99949 1.67135 0.4 0.647383 0.627619 0.650882
99999 1.67638 0.4 0.656127 0.63963 0.652106
