49 1.98568 0.0125 0.655427 0.498037 0.575477
99 1.99614 0.0125 0.662565 0.48061 0.57996
149 1.97222 0.0125 0.658974 0.476627 0.568779
199 1.98892 0.0125 0.664618 0.474427 0.581943
249 1.98961 0.0125 0.672345 0.476988 0.543974
299 1.99269 0.0125 0.674358 0.485635 0.553283
349 1.99267 0.0125 0.674762 0.475057 0.542779
399 1.99386 0.0125 0.689 0.48433 0.51156
449 1.98728 0.0125 0.672712 0.48555 0.539268
499 1.99378 0.0125 0.687862 0.497083 0.530278
549 1.98778 0.0125 0.670265 0.497543 0.525834
599 1.99979 0.0125 0.675355 0.504587 0.558863
649 1.98919 0.0125 0.687713 0.504398 0.560292
699 1.99679 0.0125 0.677635 0.541375 0.561034
749 1.97924 0.0125 0.700601 0.534876 0.546858
799 1.98578 0.0125 0.696139 0.601161 0.553666
849 1.97724 0.0125 0.666099 0.61101 0.58903
899 1.91578 0.0125 0.666109 0.603071 0.613247
949 1.71462 0.0125 0.671143 0.622442 0.615741
999 1.54514 0.0125 0.655776 0.612656 0.569144
1049 1.44938 0.0125 0.655963 0.609743 0.547204
1099 1.3899 0.0125 0.647647 0.608646 0.550883
1149 1.32589 0.0125 0.651813 0.602945 0.568297
1199 1.28845 0.0125 0.644242 0.615415 0.560169
1249 1.228 0.0125 0.640772 0.589567 0.565794
1299 1.18149 0.0125 0.638134 0.612158 0.56043
1349 1.13454 0.0125 0.638233 0.598858 0.558187
1399 1.09009 0.0125 0.643032 0.596384 0.530934
1449 1.03448 0.0125 0.636352 0.611695 0.549567
1499 0.987253 0.0125 0.645159 0.602241 0.543234
1549 0.955529 0.0125 0.631434 0.600211 0.537717
1599 0.914019 0.0125 0.654543 0.595196 0.536851
1649 0.887431 0.0125 0.635313 0.591252 0.556348
1699 0.848381 0.0125 0.633193 0.605165 0.53365
1749 0.809642 0.0125 0.639286 0.598339 0.550858
1799 0.790964 0.0125 0.634083 0.598959 0.542847
1849 0.756963 0.0125 0.640608 0.600036 0.544129
1899 0.721098 0.0125 0.639641 0.608364 0.530318
1949 0.699592 0.0125 0.629301 0.600444 0.553756
1999 0.661648 0.025 0.640547 0.600722 0.540374
2049 0.84339 0.05 0.642612 0.609663 0.525933
2099 0.794417 0.05 0.638057 0.60327 0.541579
2149 0.760902 0.05 0.637214 0.601183 0.572775
2199 0.740854 0.05 0.637404 0.602489 0.554545
2249 0.702282 0.05 0.643348 0.600664 0.552292
2299 0.695391 0.05 0.64114 0.584798 0.550042
2349 1.34857 0.1 0.656773 0.603995 0.574017
2399 1.26499 0.1 0.650578 0.604813 0.584924
2449 1.22645 0.1 0.651758 0.614577 0.604368
2499 1.20112 0.1 0.660327 0.602557 0.614905
2549 1.19008 0.1 0.657403 0.593628 0.597467
2599 1.17656 0.1 0.652462 0.604075 0.609955
2649 1.15136 0.1 0.659072 0.6031 0.600573
2699 1.15773 0.1 0.657884 0.61889 0.592238
2749 1.15417 0.1 0.656715 0.603988 0.616544
2799 1.12722 0.1 0.653536 0.615788 0.613919
2849 1.12201 0.1 0.662106 0.616391 0.613974
2899 1.10296 0.1 0.658962 0.609953 0.615459
2949 1.10132 0.1 0.659259 0.616728 0.611979
2999 1.08888 0.1 0.673334 0.623234 0.625485
3049 1.05992 0.1 0.66324 0.603124 0.605223
3099 1.06453 0.1 0.660591 0.613817 0.605159
3149 1.03211 0.1 0.65123 0.606807 0.622318
3199 1.04039 0.1 0.656652 0.609455 0.618202
3249 1.03038 0.1 0.662088 0.601468 0.610905
3299 1.02787 0.1 0.654769 0.611566 0.617028
3349 1.0242 0.1 0.663361 0.617803 0.616405
3399 1.01655 0.1 0.656612 0.60259 0.621583
3449 0.993307 0.1 0.663377 0.612197 0.629272
3499 0.979989 0.1 0.655868 0.62274 0.613972
3549 0.992941 0.1 0.658371 0.61783 0.633827
3599 0.960885 0.1 0.658759 0.616123 0.619576
3649 0.953367 0.1 0.649063 0.621653 0.613574
3699 0.946821 0.1 0.660676 0.619856 0.623335
3749 0.941178 0.1 0.664227 0.61707 0.61854
3799 0.93882 0.1 0.655362 0.602687 0.622251
3849 0.91175 0.1 0.656765 0.61215 0.619833
3899 0.920034 0.1 0.662615 0.601441 0.616901
3949 0.916904 0.1 0.662558 0.611366 0.620405
3999 0.902985 0.1 0.664723 0.601935 0.623077
4049 0.905177 0.1 0.661906 0.61358 0.622941
4099 0.887457 0.1 0.65498 0.608106 0.626563
4149 0.881269 0.1 0.657172 0.618802 0.633329
4199 0.873533 0.1 0.680214 0.611411 0.622631
4249 0.869584 0.1 0.671204 0.615535 0.625193
4299 0.849083 0.1 0.646651 0.600939 0.637113
4349 0.842968 0.1 0.662926 0.611822 0.62699
4399 0.846522 0.1 0.654524 0.601987 0.633679
4449 0.841136 0.1 0.654554 0.627242 0.634262
4499 0.82368 0.1 0.65551 0.600198 0.637711
4549 0.817995 0.1 0.654221 0.606741 0.620681
4599 0.824438 0.1 0.660963 0.622795 0.625116
4649 0.810651 0.1 0.653216 0.615063 0.63546
4699 0.798978 0.1 0.658164 0.606835 0.626153
4749 0.796503 0.1 0.654515 0.61379 0.638576
4799 0.784442 0.1 0.65675 0.607762 0.63227
4849 0.78367 0.1 0.659367 0.616589 0.63195
4899 0.787679 0.1 0.65583 0.617185 0.638493
4949 0.775216 0.1 0.643358 0.622602 0.639826
4999 0.774038 0.1 0.65779 0.618156 0.643583
5049 0.776067 0.1 0.656109 0.604912 0.640664
5099 0.748767 0.1 0.648775 0.614951 0.639743
5149 0.761333 0.1 0.658592 0.614591 0.640279
5199 0.749835 0.1 0.649798 0.613329 0.633364
5249 0.73869 0.1 0.669644 0.60599 0.636482
5299 0.739128 0.1 0.653822 0.620961 0.64012
5349 0.731735 0.1 0.65331 0.618493 0.633897
5399 0.731642 0.1 0.650751 0.628452 0.642202
5449 0.724472 0.1 0.651947 0.611395 0.635139
5499 0.719699 0.1 0.670045 0.61102 0.641889
5549 0.706085 0.1 0.650088 0.625902 0.645452
5599 0.709714 0.1 0.645103 0.609892 0.63872
5649 0.692968 0.1 0.648864 0.616743 0.643189
5699 1.56797 0.2 0.662004 0.613102 0.655338
5749 1.53005 0.2 0.660594 0.620669 0.644171
5799 1.49557 0.2 0.665192 0.615297 0.645011
5849 1.5157 0.2 0.661388 0.626292 0.637078
5899 1.47938 0.2 0.666447 0.616612 0.648727
5949 1.48193 0.2 0.661264 0.633741 0.65224
5999 1.48941 0.2 0.655654 0.635737 0.654143
6049 1.49677 0.2 0.649776 0.620858 0.655653
6099 1.47849 0.2 0.665997 0.614414 0.647798
6149 1.4948 0.2 0.644756 0.618094 0.653657
6199 1.47162 0.2 0.658342 0.623445 0.649593
6249 1.47645 0.2 0.655419 0.616373 0.642643
6299 1.47359 0.2 0.659426 0.618311 0.648625
6349 1.46406 0.2 0.668609 0.630162 0.644567
6399 1.47887 0.2 0.654346 0.617594 0.638251
6449 1.44886 0.2 0.657949 0.625574 0.650711
6499 1.45697 0.2 0.662251 0.62931 0.650791
6549 1.45397 0.2 0.656937 0.620242 0.650367
6599 1.4751 0.2 0.658583 0.618247 0.649849
6649 1.46352 0.2 0.639917 0.617884 0.654618
6699 1.44716 0.2 0.645529 0.620215 0.649749
6749 1.45829 0.2 0.655852 0.629093 0.652924
6799 1.45409 0.2 0.663852 0.614393 0.640925
6849 1.45684 0.2 0.653366 0.619763 0.653813
6899 1.45354 0.2 0.657642 0.62 0.652049
6949 1.45043 0.2 0.656829 0.634016 0.652705
6999 1.44784 0.2 0.649972 0.633 0.653526
7049 1.43053 0.2 0.652433 0.624698 0.6376
7099 1.44533 0.2 0.657243 0.627655 0.651496
7149 1.43675 0.2 0.655257 0.621731 0.643211
7199 1.43986 0.2 0.652494 0.620501 0.657137
7249 1.43735 0.2 0.647311 0.615414 0.64416
7299 1.42297 0.2 0.641119 0.631107 0.653395
7349 1.44236 0.2 0.645507 0.634362 0.647199
7399 1.42895 0.2 0.66493 0.616665 0.656976
7449 1.4329 0.2 0.659923 0.614316 0.643398
7499 1.42753 0.2 0.649761 0.621861 0.644601
7549 1.42712 0.2 0.655022 0.618178 0.655217
7599 1.43549 0.2 0.644067 0.617546 0.656318
7649 1.40903 0.2 0.653096 0.630415 0.652181
7699 1.41992 0.2 0.660379 0.622141 0.65393
7749 1.42726 0.2 0.653908 0.619043 0.655692
7799 1.41484 0.2 0.666254 0.628284 0.64879
7849 1.43182 0.2 0.650697 0.63524 0.651057
7899 1.40649 0.2 0.660504 0.626239 0.654241
7949 1.4019 0.2 0.651385 0.617579 0.653597
7999 1.4125 0.2 0.662242 0.623121 0.644557
8049 1.40207 0.2 0.650951 0.620736 0.640898
8099 1.42022 0.2 0.652313 0.62873 0.644422
8149 1.40051 0.2 0.667285 0.628877 0.647778
8199 1.40669 0.2 0.658702 0.621053 0.657776
8249 1.4103 0.2 0.657026 0.626149 0.653214
8299 1.40836 0.2 0.660243 0.624713 0.653132
8349 1.38565 0.2 0.647321 0.635199 0.651904
8399 1.39251 0.2 0.658984 0.625045 0.649346
8449 1.40665 0.2 0.66141 0.615269 0.653989
8499 1.40071 0.2 0.645087 0.631668 0.650741
8549 1.37518 0.2 0.645462 0.61349 0.653228
8599 1.38875 0.2 0.66077 0.630447 0.651124
8649 1.3922 0.2 0.66601 0.634755 0.647714
8699 1.3848 0.2 0.655775 0.630285 0.650034
8749 1.38298 0.2 0.64344 0.626556 0.650284
8799 1.37987 0.2 0.643442 0.604496 0.647585
8849 1.38904 0.2 0.642344 0.630132 0.654262
8899 1.38908 0.2 0.64859 0.638422 0.653967
8949 1.39053 0.2 0.65022 0.631553 0.643347
8999 1.3826 0.2 0.658575 0.617847 0.647276
9049 1.39021 0.2 0.650739 0.628187 0.648701
9099 1.39897 0.2 0.65811 0.625877 0.649487
9149 1.36969 0.2 0.659184 0.637734 0.643795
9199 1.36637 0.2 0.659302 0.626849 0.649557
9249 1.37663 0.2 0.664732 0.618459 0.65882
9299 1.36598 0.2 0.665272 0.62266 0.651288
9349 1.37865 0.2 0.650189 0.632538 0.650888
9399 1.35918 0.2 0.65101 0.626379 0.655857
9449 1.35537 0.2 0.648385 0.64069 0.653093
9499 1.38035 0.2 0.655028 0.632033 0.638876
9549 1.36575 0.2 0.659906 0.623475 0.644795
9599 1.35386 0.2 0.654981 0.627266 0.64312
9649 1.35528 0.2 0.656337 0.636428 0.653365
9699 1.35524 0.2 0.661489 0.623633 0.651007
9749 1.36034 0.2 0.651153 0.61696 0.649269
9799 1.36182 0.2 0.64858 0.63462 0.660145
9849 1.36349 0.2 0.656778 0.621722 0.657974
9899 1.35219 0.2 0.650014 0.624394 0.647744
9949 1.34362 0.2 0.661095 0.627941 0.652468
9999 1.35398 0.2 0.658764 0.633705 0.648152
10049 1.36187 0.2 0.652397 0.622681 0.650707
10099 1.34256 0.2 0.656984 0.618593 0.648962
10149 1.33833 0.2 0.653815 0.615938 0.653205
10199 1.34942 0.2 0.665518 0.622344 0.64709
10249 1.34812 0.2 0.656636 0.624806 0.647235
10299 1.34725 0.2 0.671295 0.607942 0.645674
10349 1.34281 0.2 0.657502 0.612648 0.65316
10399 1.33297 0.2 0.659683 0.641365 0.649063
10449 1.34781 0.2 0.656183 0.61958 0.655859
10499 1.32387 0.2 0.646018 0.631833 0.660209
10549 1.32524 0.2 0.656015 0.633113 0.6473
10599 1.32735 0.2 0.659443 0.624686 0.657168
10649 1.33201 0.2 0.651107 0.631912 0.639969
10699 1.3328 0.2 0.657522 0.618087 0.648915
10749 1.33043 0.2 0.648056 0.629224 0.648657
10799 1.32208 0.2 0.65029 0.628373 0.648343
10849 1.31806 0.2 0.653174 0.628258 0.643145
10899 1.33226 0.2 0.642559 0.633083 0.655573
10949 1.32949 0.2 0.656721 0.63283 0.661148
10999 1.30627 0.2 0.652847 0.634953 0.64554
11049 1.3301 0.2 0.658404 0.644024 0.651333
11099 1.31603 0.2 0.647513 0.639149 0.646511
11149 1.30892 0.2 0.665933 0.61745 0.652152
11199 1.31789 0.2 0.669839 0.62929 0.645618
11249 1.32135 0.2 0.653019 0.622263 0.643991
11299 1.31631 0.2 0.660448 0.636299 0.652085
11349 1.31266 0.2 0.657292 0.625893 0.648761
11399 1.30377 0.2 0.650536 0.630122 0.656423
11449 1.3071 0.2 0.671281 0.6195 0.653012
11499 1.30738 0.2 0.656423 0.625562 0.652011
11549 1.30143 0.2 0.648626 0.621022 0.649747
11599 1.31143 0.2 0.655214 0.647636 0.651017
11649 1.29877 0.2 0.657378 0.619748 0.653699
11699 1.30127 0.2 0.663834 0.619461 0.636238
11749 1.30649 0.2 0.644951 0.634144 0.652367
11799 1.28943 0.2 0.653132 0.618478 0.6476
11849 1.28643 0.2 0.637961 0.62026 0.646695
11899 1.30391 0.2 0.659533 0.635297 0.662847
11949 1.3004 0.2 0.647034 0.639913 0.648706
11999 1.29019 0.2 0.658665 0.637278 0.652845
12049 1.29152 0.2 0.640389 0.63989 0.647747
12099 1.27528 0.2 0.641737 0.616663 0.657881
12149 1.2845 0.2 0.667455 0.620237 0.661213
12199 1.3028 0.2 0.659342 0.610648 0.654814
12249 1.28147 0.2 0.663567 0.631644 0.644387
12299 1.28823 0.2 0.658532 0.638032 0.641993
12349 1.28827 0.2 0.666029 0.625065 0.651643
12399 1.27306 0.2 0.669317 0.625114 0.648582
12449 1.27965 0.2 0.65583 0.631062 0.652539
12499 1.26651 0.2 0.660667 0.633422 0.656437
12549 1.27892 0.2 0.657118 0.622716 0.651406
12599 1.27395 0.2 0.647527 0.620285 0.648786
12649 1.28811 0.2 0.654365 0.634821 0.64228
12699 1.27134 0.2 0.653773 0.627387 0.651659
12749 1.27102 0.2 0.649887 0.633978 0.650835
12799 1.28322 0.2 0.66745 0.645949 0.662885
12849 1.27243 0.2 0.659627 0.631551 0.647603
12899 1.27505 0.2 0.65749 0.635743 0.64156
12949 1.25992 0.2 0.656289 0.620055 0.647666
12999 1.27465 0.2 0.653876 0.634326 0.649238
13049 1.2735 0.2 0.66383 0.636156 0.661507
13099 1.26376 0.2 0.657406 0.629955 0.652017
13149 1.27278 0.2 0.650736 0.633277 0.646004
13199 1.26208 0.2 0.660307 0.620186 0.648458
13249 1.27184 0.2 0.663551 0.611914 0.655109
13299 1.25866 0.2 0.650934 0.636806 0.646544
13349 1.24939 0.2 0.662088 0.624467 0.655581
13399 1.24539 0.2 0.649196 0.626037 0.64781
13449 1.25743 0.2 0.65815 0.617736 0.638747
13499 1.25049 0.2 0.649149 0.619672 0.658743
13549 1.26366 0.2 0.657268 0.638801 0.649832
13599 1.24695 0.2 0.666689 0.632512 0.654674
13649 1.25344 0.2 0.659107 0.626701 0.650126
13699 1.25362 0.2 0.661448 0.628685 0.641944
13749 1.25558 0.2 0.652958 0.636589 0.645501
13799 1.25372 0.2 0.660912 0.639627 0.660383
13849 1.24571 0.2 0.657398 0.630094 0.655937
13899 1.24789 0.2 0.649951 0.631819 0.650738
13949 1.2282 0.2 0.653523 0.650833 0.650961
13999 1.25166 0.2 0.661902 0.645748 0.650527
14049 1.22931 0.2 0.664008 0.623399 0.645844
14099 1.23556 0.2 0.655864 0.637997 0.648443
14149 1.23664 0.2 0.659829 0.635481 0.644816
14199 1.23797 0.2 0.660845 0.632856 0.641696
14249 1.23532 0.2 0.656231 0.628299 0.65128
14299 1.23382 0.2 0.651089 0.631864 0.652671
14349 1.23405 0.2 0.643339 0.630606 0.654838
14399 1.24224 0.2 0.662635 0.620367 0.655029
14449 1.22057 0.2 0.658314 0.634008 0.651941
14499 1.23183 0.2 0.672939 0.629021 0.663487
14549 1.2318 0.2 0.647383 0.624482 0.648981
14599 1.23526 0.2 0.65143 0.622592 0.657106
14649 1.22661 0.2 0.668482 0.618412 0.651171
14699 1.22646 0.2 0.648435 0.625146 0.652754
14749 1.22141 0.2 0.653773 0.627626 0.653162
14799 1.2212 0.2 0.653268 0.620203 0.648154
14849 1.23588 0.2 0.65672 0.618683 0.650327
14899 1.22386 0.2 0.663066 0.641155 0.653547
14949 1.21505 0.2 0.659401 0.64094 0.645698
14999 1.21795 0.2 0.659091 0.620587 0.652256
15049 1.22743 0.2 0.650883 0.631077 0.642088
15099 1.2304 0.2 0.669611 0.634486 0.659624
15149 1.22124 0.2 0.656069 0.622553 0.64881
15199 1.2364 0.2 0.657819 0.622463 0.64976
15249 1.21548 0.2 0.651456 0.628981 0.651711
15299 1.222 0.2 0.650351 0.639861 0.651755
15349 1.21276 0.2 0.657722 0.632735 0.652484
15399 1.21068 0.2 0.665866 0.622957 0.649294
15449 1.19451 0.2 0.658822 0.647126 0.658041
15499 1.20409 0.2 0.654705 0.617201 0.642672
15549 1.22125 0.2 0.667077 0.651057 0.649639
15599 1.20902 0.2 0.660638 0.628843 0.648404
15649 1.20161 0.2 0.655492 0.628223 0.653014
15699 1.20673 0.2 0.663239 0.60938 0.648674
15749 1.19385 0.2 0.660212 0.629582 0.649583
15799 1.20797 0.2 0.663322 0.622746 0.653348
15849 1.20316 0.2 0.65398 0.620314 0.648764
15899 1.20472 0.2 0.655942 0.627732 0.642466
15949 1.20889 0.2 0.659009 0.619855 0.652072
15999 1.19225 0.2 0.658223 0.6357 0.653134
16049 1.19204 0.2 0.657876 0.629416 0.650736
16099 1.20124 0.2 0.665469 0.629688 0.651801
16149 1.19514 0.2 0.659848 0.623206 0.650403
16199 1.20812 0.2 0.651525 0.630162 0.64785
16249 1.19049 0.2 0.65884 0.62478 0.649586
16299 1.1898 0.2 0.657073 0.640854 0.651445
16349 1.18493 0.2 0.65564 0.627637 0.651256
16399 1.18304 0.2 0.651295 0.63284 0.648805
16449 1.18635 0.2 0.661345 0.639247 0.65907
16499 1.20041 0.2 0.656852 0.632086 0.643365
16549 1.19706 0.2 0.654671 0.628443 0.65797
16599 1.19334 0.2 0.661203 0.628542 0.653807
16649 1.19908 0.2 0.657134 0.632391 0.645585
16699 1.19117 0.2 0.646282 0.639076 0.646923
16749 1.18717 0.2 0.655513 0.62017 0.647517
16799 1.1865 0.2 0.663027 0.632075 0.642974
16849 1.19635 0.2 0.655189 0.619602 0.649493
16899 1.17983 0.2 0.651288 0.619517 0.645514
16949 1.19738 0.2 0.659125 0.620355 0.647315
16999 1.19434 0.2 0.648565 0.625811 0.644017
17049 1.18516 0.2 0.653788 0.621367 0.652319
17099 1.1847 0.2 0.655002 0.621606 0.654386
17149 1.18248 0.2 0.648607 0.634098 0.654974
17199 1.18254 0.2 0.655902 0.618608 0.640309
17249 1.17834 0.2 0.665168 0.63378 0.643307
17299 1.17969 0.2 0.653299 0.633439 0.648609
17349 1.17316 0.2 0.670758 0.628386 0.646134
17399 1.1723 0.2 0.656752 0.619603 0.644677
17449 1.15819 0.2 0.658042 0.625598 0.647572
17499 1.16665 0.2 0.655791 0.640775 0.650928
17549 1.18122 0.2 0.656365 0.619559 0.646437
17599 1.17798 0.2 0.651741 0.621399 0.644385
17649 1.18298 0.2 0.663319 0.626451 0.648782
17699 1.17688 0.2 0.652887 0.630735 0.644675
17749 1.18013 0.2 0.673507 0.63112 0.649511
17799 1.17931 0.2 0.654367 0.617497 0.652816
17849 1.16575 0.2 0.661764 0.627552 0.648228
17899 1.17861 0.2 0.660799 0.639528 0.645298
17949 1.1817 0.2 0.640999 0.626546 0.646942
17999 1.16678 0.2 0.653908 0.63652 0.644371
18049 1.16635 0.2 0.65446 0.635315 0.645753
18099 1.1779 0.2 0.652165 0.614908 0.658387
18149 1.16725 0.2 0.659368 0.625913 0.640029
18199 1.16681 0.2 0.664654 0.634159 0.651035
18249 1.1669 0.2 0.652647 0.626488 0.653387
18299 1.17702 0.2 0.651137 0.632631 0.648592
18349 1.17255 0.2 0.651693 0.613906 0.646856
18399 1.15584 0.2 0.654896 0.628558 0.640137
18449 1.16678 0.2 0.658844 0.640803 0.64382
18499 1.16087 0.2 0.658889 0.6258 0.650011
18549 1.15965 0.2 0.646815 0.629119 0.647588
18599 1.17153 0.2 0.647345 0.631398 0.641007
18649 1.16452 0.2 0.669722 0.638557 0.636663
18699 1.16395 0.2 0.65463 0.627885 0.649052
18749 1.15858 0.2 0.662723 0.63113 0.649638
18799 1.15131 0.2 0.657727 0.6301 0.648616
18849 1.17389 0.2 0.653515 0.624185 0.647607
18899 1.15913 0.2 0.663767 0.621764 0.653343
18949 1.16272 0.2 0.656145 0.631694 0.647317
18999 1.14869 0.2 0.662636 0.639683 0.645092
19049 1.15198 0.2 0.65262 0.623338 0.649974
19099 1.14893 0.2 0.661318 0.639074 0.648773
19149 1.16485 0.2 0.65729 0.638695 0.653341
19199 1.15844 0.2 0.658124 0.625613 0.655094
19249 1.15998 0.2 0.654159 0.629385 0.649848
19299 1.1583 0.2 0.647042 0.621655 0.650617
19349 1.15225 0.2 0.652752 0.618824 0.656263
19399 1.1406 0.2 0.649551 0.621841 0.649431
19449 1.15705 0.2 0.658668 0.627826 0.64821
19499 1.14556 0.2 0.656975 0.626018 0.654849
19549 1.135 0.2 0.645837 0.625427 0.655839
19599 1.15957 0.2 0.663645 0.629101 0.640518
19649 1.14101 0.2 0.647836 0.635616 0.650326
19699 1.14874 0.2 0.654445 0.62629 0.639632
19749 1.13983 0.2 0.659005 0.624545 0.650878
19799 1.12965 0.2 0.659653 0.624258 0.645434
19849 1.13465 0.2 0.658285 0.631458 0.649724
19899 1.1415 0.2 0.664268 0.62356 0.646466
19949 1.15054 0.2 0.649579 0.619793 0.647288
19999 1.14435 0.2 0.655248 0.640623 0.65029
20049 1.15598 0.2 0.658086 0.623594 0.649506
20099 1.13922 0.2 0.660666 0.628742 0.649495
20149 1.1118 0.2 0.662665 0.633217 0.639084
20199 1.13058 0.2 0.659791 0.629241 0.645388
20249 1.14812 0.2 0.652915 0.635783 0.650885
20299 1.14356 0.2 0.654123 0.640991 0.653016
20349 1.13638 0.2 0.655005 0.640965 0.639795
20399 1.11839 0.2 0.653918 0.629829 0.64757
20449 1.13483 0.2 0.654332 0.631281 0.648193
20499 1.12423 0.2 0.657736 0.635317 0.648461
20549 1.15372 0.2 0.661244 0.638451 0.642074
20599 1.13519 0.2 0.668316 0.627669 0.650263
20649 1.13935 0.2 0.659415 0.642028 0.648062
20699 1.12051 0.2 0.660687 0.631472 0.649528
20749 1.14075 0.2 0.661956 0.627806 0.643793
20799 1.14113 0.2 0.653305 0.627199 0.644522
20849 1.12352 0.2 0.666665 0.630854 0.650728
20899 1.11964 0.2 0.656432 0.641067 0.653758
20949 1.12641 0.2 0.654943 0.625702 0.648873
20999 1.12848 0.2 0.663928 0.633284 0.64734
21049 1.13368 0.2 0.663072 0.624217 0.652771
21099 1.11782 0.2 0.646757 0.633786 0.652875
21149 1.12276 0.2 0.653674 0.625339 0.646935
21199 1.11938 0.2 0.650544 0.62601 0.650461
21249 1.11447 0.2 0.660491 0.642795 0.648735
21299 1.12743 0.2 0.66298 0.641592 0.660455
21349 1.12525 0.2 0.64919 0.635772 0.650341
21399 1.12729 0.2 0.660949 0.628443 0.640183
21449 1.11207 0.2 0.655507 0.642219 0.640362
21499 1.12627 0.2 0.663499 0.626288 0.660319
21549 1.12219 0.2 0.659066 0.648447 0.640166
21599 1.11279 0.2 0.64874 0.633612 0.65381
21649 1.11266 0.2 0.64821 0.63127 0.649998
21699 1.11277 0.2 0.656434 0.626169 0.639116
21749 1.11083 0.2 0.657996 0.632247 0.645147
21799 1.12044 0.2 0.659012 0.633102 0.652093
21849 1.11861 0.2 0.655766 0.634628 0.651094
21899 1.12499 0.2 0.649023 0.620208 0.650109
21949 1.12151 0.2 0.659778 0.623703 0.653596
21999 1.09595 0.2 0.657023 0.630915 0.656759
22049 1.11526 0.2 0.658601 0.634506 0.646207
22099 1.10867 0.2 0.660193 0.625703 0.650884
22149 1.10667 0.2 0.652849 0.619268 0.641599
22199 1.10925 0.2 0.66254 0.619301 0.642324
22249 1.10686 0.2 0.659268 0.630786 0.644271
22299 1.1122 0.2 0.6517 0.638014 0.651146
22349 1.10865 0.2 0.655077 0.62203 0.654598
22399 1.10745 0.2 0.652041 0.628502 0.645544
22449 1.10453 0.2 0.662611 0.640211 0.649679
22499 1.09773 0.2 0.658506 0.621421 0.649696
22549 1.09875 0.2 0.656749 0.626486 0.647945
22599 1.1063 0.2 0.662244 0.626027 0.646941
22649 1.09032 0.2 0.649998 0.636169 0.647781
22699 1.10185 0.2 0.654576 0.638402 0.657016
22749 1.09713 0.2 0.672651 0.634939 0.652943
22799 1.10319 0.2 0.650264 0.616722 0.646506
22849 1.09098 0.2 0.659178 0.636076 0.652762
22899 1.08833 0.2 0.660879 0.640141 0.652252
22949 1.09221 0.2 0.653292 0.625188 0.6453
22999 1.09813 0.2 0.664676 0.63017 0.638193
23049 1.08969 0.2 0.648345 0.621089 0.637114
23099 1.0981 0.2 0.669782 0.638578 0.647283
23149 1.0951 0.2 0.653632 0.642737 0.650138
23199 1.09292 0.2 0.664934 0.62917 0.644498
23249 1.08096 0.2 0.653927 0.63345 0.642795
23299 1.09847 0.2 0.662049 0.62416 0.655998
23349 1.10276 0.2 0.650434 0.640588 0.644655
23399 1.0923 0.2 0.661749 0.630143 0.642755
23449 1.09756 0.2 0.65411 0.615555 0.643945
23499 1.09183 0.2 0.662649 0.628977 0.645574
23549 1.08965 0.2 0.651439 0.631996 0.656903
23599 1.09713 0.2 0.659778 0.632836 0.652724
23649 1.0857 0.2 0.662772 0.633609 0.651484
23699 1.082 0.2 0.659088 0.614049 0.643911
23749 1.07596 0.2 0.656695 0.628487 0.653554
23799 1.08708 0.2 0.652773 0.62198 0.642443
23849 1.09233 0.2 0.655874 0.624114 0.650665
23899 1.09808 0.2 0.657026 0.621911 0.647235
23949 1.07792 0.2 0.658431 0.622527 0.65184
23999 1.08873 0.2 0.650797 0.638989 0.649504
24049 1.09143 0.2 0.657014 0.627671 0.644829
24099 1.08616 0.2 0.657365 0.62789 0.64529
24149 1.07439 0.2 0.647147 0.635854 0.654315
24199 1.08445 0.2 0.649815 0.624343 0.644147
24249 1.099 0.2 0.650047 0.63648 0.645571
24299 1.08236 0.2 0.660795 0.635615 0.646919
24349 1.06909 0.2 0.66059 0.630271 0.651744
24399 1.06783 0.2 0.658235 0.602731 0.650204
24449 1.07784 0.2 0.653882 0.618212 0.651478
24499 1.07495 0.2 0.657967 0.625362 0.635236
24549 1.08289 0.2 0.661492 0.631226 0.632825
24599 1.0866 0.2 0.660154 0.641785 0.649021
24649 1.06113 0.2 0.644005 0.640865 0.648936
24699 1.08559 0.2 0.656035 0.623642 0.655942
24749 1.06375 0.2 0.639107 0.635552 0.653467
24799 1.08138 0.2 0.667076 0.634303 0.647597
24849 1.06657 0.2 0.666012 0.631531 0.655725
24899 1.07632 0.2 0.643471 0.632007 0.65595
24949 1.07202 0.2 0.666283 0.636788 0.650504
24999 1.07343 0.2 0.660372 0.611714 0.655985
25049 1.08746 0.2 0.650505 0.632304 0.652077
25099 1.09641 0.2 0.643645 0.63553 0.653812
25149 1.07098 0.2 0.667823 0.64431 0.641022
25199 1.06503 0.2 0.647942 0.619798 0.643791
25249 1.06557 0.2 0.655008 0.627681 0.646373
25299 1.0747 0.2 0.643587 0.632844 0.640219
25349 1.07318 0.2 0.651992 0.62822 0.644787
25399 1.08855 0.2 0.65179 0.631093 0.657378
25449 1.05628 0.2 0.659529 0.633108 0.6411
25499 1.07179 0.2 0.669035 0.625075 0.646286
25549 1.06907 0.2 0.647274 0.621612 0.659144
25599 1.06197 0.2 0.653104 0.639951 0.64675
25649 1.06304 0.2 0.656782 0.627537 0.645972
25699 1.07 0.2 0.667486 0.635577 0.652462
25749 1.07081 0.2 0.662525 0.625634 0.639808
25799 1.07456 0.2 0.654942 0.636725 0.649707
25849 1.0635 0.2 0.655929 0.618638 0.649549
25899 1.07796 0.2 0.672617 0.628164 0.650536
25949 1.05925 0.2 0.651701 0.640185 0.646659
25999 1.07325 0.2 0.65334 0.630593 0.641284
26049 1.07586 0.2 0.657825 0.635442 0.64881
26099 1.07443 0.2 0.643578 0.632445 0.647237
26149 1.0652 0.2 0.650426 0.631493 0.646032
26199 1.078 0.2 0.64513 0.618239 0.643203
26249 1.08859 0.2 0.650764 0.624745 0.647375
26299 1.05207 0.2 0.649549 0.640018 0.647739
26349 1.06889 0.2 0.660035 0.634428 0.648801
26399 1.05574 0.2 0.654713 0.626124 0.650229
26449 1.06946 0.2 0.655908 0.628721 0.647086
26499 1.05624 0.2 0.659355 0.625855 0.642945
26549 1.07228 0.2 0.656627 0.631699 0.648306
26599 1.04455 0.2 0.663212 0.623388 0.656184
26649 1.06848 0.2 0.648922 0.640705 0.645856
26699 1.04753 0.2 0.649959 0.624446 0.634986
26749 1.06179 0.2 0.658096 0.627728 0.643918
26799 1.05857 0.2 0.659854 0.641049 0.648104
26849 1.04986 0.2 0.644877 0.627326 0.650447
26899 1.06251 0.2 0.654049 0.634897 0.644478
26949 1.06177 0.2 0.650319 0.62213 0.653645
26999 1.05813 0.2 0.658187 0.63711 0.647365
27049 1.05204 0.2 0.641731 0.625714 0.646042
27099 1.05282 0.2 0.649436 0.62387 0.65708
27149 1.05822 0.2 0.659847 0.633999 0.657581
27199 1.05984 0.2 0.645613 0.630344 0.652734
27249 1.05879 0.2 0.65114 0.62764 0.650527
27299 1.04184 0.2 0.655441 0.632176 0.653185
27349 1.06081 0.2 0.649654 0.625322 0.648713
27399 1.05637 0.2 0.664519 0.639933 0.653069
27449 1.04604 0.2 0.659255 0.634216 0.655593
27499 1.05541 0.2 0.65591 0.625741 0.645246
27549 1.06117 0.2 0.650489 0.638523 0.649734
27599 1.04456 0.2 0.646207 0.615101 0.655338
27649 1.05246 0.2 0.651042 0.642069 0.643491
27699 1.06739 0.2 0.647029 0.629631 0.653677
27749 1.05019 0.2 0.653547 0.631806 0.646869
27799 1.04309 0.2 0.671811 0.621697 0.651954
27849 1.0529 0.2 0.664007 0.637208 0.651051
27899 1.04312 0.2 0.655217 0.636158 0.64321
27949 1.05973 0.2 0.653049 0.625658 0.652117
27999 1.04816 0.2 0.657601 0.634984 0.651385
28049 1.05943 0.2 0.657936 0.634123 0.653887
28099 1.02691 0.2 0.657576 0.62542 0.648426
28149 1.05438 0.2 0.655171 0.636635 0.644402
28199 1.05245 0.2 0.672222 0.645443 0.633856
28249 1.05923 0.2 0.653472 0.629397 0.64462
28299 1.05679 0.2 0.656409 0.633549 0.649944
28349 1.04659 0.2 0.646739 0.640836 0.646587
28399 1.03502 0.2 0.665677 0.620777 0.644526
28449 1.05168 0.2 0.666407 0.636849 0.642181
28499 1.06763 0.2 0.658725 0.630225 0.646397
28549 1.05015 0.2 0.67125 0.635342 0.648041
28599 1.0393 0.2 0.656592 0.637731 0.65339
28649 1.04176 0.2 0.655192 0.628198 0.644988
28699 1.03607 0.2 0.650928 0.630673 0.646045
28749 1.04811 0.2 0.664544 0.631585 0.651888
28799 1.05329 0.2 0.66361 0.62281 0.636895
28849 1.03409 0.2 0.668683 0.62512 0.646747
28899 1.04233 0.2 0.653826 0.622054 0.646156
28949 1.04898 0.2 0.64957 0.631057 0.644964
28999 1.0536 0.2 0.669285 0.628091 0.64199
29049 1.04473 0.2 0.664064 0.629409 0.648732
29099 1.0518 0.2 0.66654 0.62237 0.646282
29149 1.04462 0.2 0.666464 0.615638 0.637582
29199 1.04734 0.2 0.654288 0.626973 0.645246
29249 1.03739 0.2 0.652072 0.616687 0.646015
29299 1.04846 0.2 0.654609 0.630192 0.646787
29349 1.03994 0.2 0.660288 0.628004 0.650422
29399 1.04978 0.2 0.651219 0.629313 0.65563
29449 1.04616 0.2 0.660709 0.641053 0.64925
29499 1.03798 0.2 0.672044 0.634677 0.649819
29549 1.05407 0.2 0.665013 0.626005 0.653681
29599 1.03604 0.2 0.657968 0.634111 0.647426
29649 1.03585 0.2 0.664966 0.629636 0.641485
29699 1.05352 0.2 0.654111 0.634434 0.645018
29749 1.0391 0.2 0.670636 0.614567 0.653066
29799 1.03489 0.2 0.660819 0.62839 0.646084
29849 1.03954 0.2 0.650693 0.631281 0.654035
29899 1.03137 0.2 0.65698 0.635142 0.642399
29949 1.02865 0.2 0.657903 0.627052 0.649767
29999 1.03338 0.2 0.639862 0.639857 0.648195
30049 1.03351 0.2 0.654931 0.628827 0.645411
30099 1.03721 0.2 0.655828 0.63971 0.64934
30149 1.04194 0.2 0.659516 0.634179 0.653785
30199 1.04023 0.2 0.649953 0.628956 0.649314
30249 1.03253 0.2 0.65697 0.633992 0.639148
30299 1.05122 0.2 0.659933 0.643267 0.643292
30349 1.02266 0.2 0.663418 0.63703 0.64921
30399 1.04789 0.2 0.665085 0.62334 0.65038
30449 1.03341 0.2 0.654964 0.639113 0.644665
30499 1.0425 0.2 0.654117 0.645945 0.649618
30549 1.0334 0.2 0.656717 0.633965 0.650931
30599 1.03349 0.2 0.674383 0.640181 0.645512
30649 1.02266 0.2 0.66101 0.625658 0.647246
30699 1.03536 0.2 0.653994 0.628536 0.64771
30749 1.03538 0.2 0.666326 0.62186 0.64845
30799 1.0263 0.2 0.652813 0.64046 0.646364
30849 1.02322 0.2 0.655865 0.632215 0.648972
30899 1.03035 0.2 0.660419 0.625347 0.652514
30949 1.0385 0.2 0.657011 0.633219 0.645879
30999 1.03092 0.2 0.653419 0.629838 0.650712
31049 1.04524 0.2 0.663962 0.63388 0.652454
31099 1.04303 0.2 0.657693 0.615624 0.652359
31149 1.02799 0.2 0.6497 0.631634 0.647202
31199 1.03241 0.2 0.656563 0.639409 0.649552
31249 1.04146 0.2 0.651523 0.637607 0.649606
31299 1.02898 0.2 0.659238 0.636702 0.64231
31349 1.0268 0.2 0.655633 0.63942 0.65209
31399 1.0226 0.2 0.65914 0.621113 0.655452
31449 1.03677 0.2 0.656647 0.628666 0.647287
31499 1.02893 0.2 0.660811 0.641103 0.650602
31549 1.03148 0.2 0.673023 0.630614 0.644646
31599 1.03792 0.2 0.652809 0.637463 0.641296
31649 1.02462 0.2 0.650756 0.62249 0.657004
31699 1.02743 0.2 0.662666 0.622186 0.651897
31749 1.03182 0.2 0.65736 0.62603 0.647415
31799 1.01489 0.2 0.655656 0.619723 0.648468
31849 1.04344 0.2 0.660541 0.622339 0.639854
31899 1.02306 0.2 0.652302 0.636306 0.654694
31949 1.03528 0.2 0.662747 0.620003 0.645545
31999 1.03092 0.2 0.661887 0.630536 0.643454
32049 1.02758 0.2 0.659077 0.643089 0.653456
32099 1.02527 0.2 0.649607 0.633033 0.641041
32149 1.01882 0.2 0.657369 0.628225 0.651691
32199 1.02849 0.2 0.667098 0.629804 0.642938
32249 1.01126 0.2 0.658182 0.634688 0.651481
32299 1.03339 0.2 0.65222 0.640168 0.65497
32349 1.03296 0.2 0.673264 0.625726 0.654822
32399 1.02028 0.2 0.648968 0.632276 0.63819
32449 1.01291 0.2 0.655197 0.636306 0.646659
32499 1.01612 0.2 0.665191 0.611241 0.655373
32549 1.02622 0.2 0.651908 0.627385 0.652425
32599 1.02322 0.2 0.645615 0.630097 0.645095
32649 1.00729 0.2 0.664538 0.640343 0.643605
32699 1.03159 0.2 0.652311 0.636915 0.63683
32749 1.0172 0.2 0.654022 0.635466 0.641508
32799 1.03616 0.2 0.651843 0.631124 0.640058
32849 1.02488 0.2 0.659363 0.651762 0.659672
32899 1.02629 0.2 0.664652 0.6209 0.642862
32949 1.02586 0.2 0.656857 0.634677 0.650233
32999 1.02569 0.2 0.662501 0.632615 0.645232
33049 1.00897 0.2 0.657073 0.62783 0.653425
33099 1.02942 0.2 0.654224 0.635535 0.648164
33149 1.02847 0.2 0.65515 0.628129 0.646632
33199 1.0276 0.2 0.664017 0.622997 0.647805
33249 1.01839 0.2 0.665874 0.629396 0.642393
33299 1.02596 0.2 0.654085 0.638195 0.635381
33349 1.01649 0.2 0.663561 0.647287 0.64686
33399 1.02122 0.2 0.661255 0.637904 0.643516
33449 1.01628 0.2 0.653987 0.62308 0.644095
33499 1.01525 0.2 0.6498 0.630657 0.655198
33549 1.01751 0.2 0.652168 0.634998 0.652003
33599 1.02052 0.2 0.660058 0.626953 0.641097
33649 1.01895 0.2 0.658394 0.622715 0.637383
33699 1.02085 0.2 0.662557 0.628761 0.647804
33749 1.00883 0.2 0.666845 0.626794 0.648101
33799 1.0299 0.2 0.657735 0.636611 0.643646
33849 1.02232 0.2 0.655804 0.623475 0.657175
33899 1.01282 0.2 0.665255 0.632604 0.644888
33949 1.02324 0.2 0.665678 0.632841 0.647592
33999 1.00434 0.2 0.652725 0.628577 0.644197
34049 1.00586 0.2 0.657551 0.628984 0.654191
34099 1.01401 0.2 0.663764 0.624256 0.651236
34149 0.999892 0.2 0.659871 0.637173 0.644145
34199 1.01972 0.2 0.662595 0.620769 0.646122
34249 1.02309 0.2 0.653237 0.632067 0.654055
34299 1.00966 0.2 0.655163 0.636782 0.639194
34349 1.01855 0.2 0.661152 0.630214 0.63797
34399 1.00305 0.2 0.658658 0.635954 0.640913
34449 1.01539 0.2 0.651771 0.631037 0.648973
34499 1.01292 0.2 0.664723 0.617439 0.648792
34549 1.02249 0.2 0.665918 0.630111 0.652638
34599 1.0158 0.2 0.660183 0.617922 0.645785
34649 1.00846 0.2 0.666398 0.639722 0.64081
34699 0.999175 0.2 0.665589 0.624601 0.653756
34749 1.00702 0.2 0.657796 0.630227 0.653533
34799 0.996481 0.2 0.661955 0.630814 0.650492
34849 1.00237 0.2 0.662654 0.636502 0.646833
34899 1.00189 0.2 0.656816 0.631531 0.651819
34949 1.01219 0.2 0.650382 0.62872 0.647528
34999 1.0112 0.2 0.638408 0.625451 0.647439
35049 1.00765 0.2 0.657141 0.62535 0.638355
35099 1.01775 0.2 0.66905 0.628792 0.63761
35149 1.00155 0.2 0.670035 0.633724 0.645645
35199 1.00946 0.2 0.657483 0.63753 0.650151
35249 1.00295 0.2 0.66406 0.630257 0.647372
35299 1.00777 0.2 0.65282 0.630763 0.641078
35349 1.00126 0.2 0.656154 0.632553 0.647611
35399 1.00017 0.2 0.659012 0.630376 0.647437
35449 1.01258 0.2 0.660092 0.628436 0.648872
35499 1.00182 0.2 0.657293 0.636086 0.645794
35549 1.00089 0.2 0.660612 0.635036 0.650682
35599 1.00695 0.2 0.660859 0.61668 0.637596
35649 1.0048 0.2 0.657087 0.630412 0.655115
35699 1.01019 0.2 0.664012 0.63789 0.634298
35749 1.00008 0.2 0.651453 0.638433 0.6486
35799 0.998067 0.2 0.662373 0.630024 0.650517
35849 0.99752 0.2 0.647001 0.627482 0.646108
35899 1.00057 0.2 0.646432 0.643944 0.644813
35949 0.989614 0.2 0.666377 0.631534 0.644721
35999 1.01118 0.2 0.657317 0.625941 0.648313
36049 1.01635 0.2 0.652678 0.637894 0.641559
36099 1.01631 0.2 0.656013 0.63008 0.64301
36149 1.01087 0.2 0.66379 0.630387 0.652838
36199 0.998073 0.2 0.658751 0.637076 0.646895
36249 1.0011 0.2 0.653063 0.627318 0.650259
36299 1.00191 0.2 0.650901 0.619224 0.642332
36349 1.00619 0.2 0.664777 0.63671 0.648139
36399 0.987191 0.2 0.661803 0.636191 0.6586
36449 0.991455 0.2 0.656669 0.636927 0.650715
36499 0.998049 0.2 0.661401 0.638679 0.64787
36549 0.997848 0.2 0.658094 0.632562 0.650687
36599 0.992951 0.2 0.651756 0.633384 0.641194
36649 1.0002 0.2 0.662561 0.633916 0.64865
36699 0.99345 0.2 0.663849 0.630364 0.645781
36749 0.978965 0.2 0.657816 0.638736 0.644197
36799 0.993996 0.2 0.659775 0.630952 0.648098
36849 1.01149 0.2 0.661163 0.630079 0.651891
36899 0.987523 0.2 0.660074 0.631421 0.64168
36949 0.986609 0.2 0.653891 0.623447 0.652772
36999 0.985662 0.2 0.652388 0.637196 0.643066
37049 0.974272 0.2 0.667081 0.63564 0.65101
37099 1.00513 0.2 0.652169 0.632021 0.647386
37149 0.993109 0.2 0.660186 0.622992 0.643296
37199 1.00204 0.2 0.663945 0.634271 0.645104
37249 0.997356 0.2 0.653391 0.635544 0.649009
37299 0.983593 0.2 0.644654 0.638201 0.647708
37349 0.988379 0.2 0.657131 0.635756 0.6409
37399 0.986285 0.2 0.657721 0.636674 0.645235
37449 0.981405 0.2 0.652063 0.616765 0.645377
37499 0.989069 0.2 0.659365 0.636707 0.643275
37549 0.995836 0.2 0.656927 0.627008 0.646989
37599 0.985143 0.2 0.658481 0.628077 0.650309
37649 0.987636 0.2 0.649058 0.650002 0.644249
37699 0.977778 0.2 0.658611 0.629897 0.653632
37749 0.982323 0.2 0.656299 0.634005 0.647827
37799 0.980714 0.2 0.657788 0.616753 0.649822
37849 0.989961 0.2 0.65845 0.62851 0.652398
37899 0.981036 0.2 0.665801 0.628853 0.646785
37949 0.985571 0.2 0.654233 0.608138 0.64843
37999 0.962994 0.2 0.662708 0.639167 0.641295
38049 0.975298 0.2 0.667951 0.64255 0.644963
38099 0.973988 0.2 0.649076 0.623209 0.64627
38149 0.998598 0.2 0.653772 0.628958 0.65125
38199 0.978499 0.2 0.650611 0.643785 0.647242
38249 0.98792 0.2 0.662194 0.629075 0.645372
38299 0.980407 0.2 0.651567 0.623668 0.64435
38349 0.976744 0.2 0.660893 0.639681 0.653138
38399 0.982867 0.2 0.664807 0.627466 0.640374
38449 0.973368 0.2 0.662207 0.635775 0.651798
38499 0.986178 0.2 0.666919 0.631652 0.650146
38549 0.97671 0.2 0.649995 0.626617 0.652256
38599 0.986806 0.2 0.67119 0.640498 0.644097
38649 0.9749 0.2 0.664109 0.635657 0.646472
38699 0.981939 0.2 0.657484 0.629222 0.646932
38749 0.989737 0.2 0.652789 0.628557 0.647375
38799 0.968171 0.2 0.654584 0.637989 0.641798
38849 0.973906 0.2 0.662346 0.641698 0.641387
38899 0.965195 0.2 0.655424 0.636036 0.652251
38949 0.981991 0.2 0.657062 0.630717 0.654285
38999 0.976368 0.2 0.658477 0.633804 0.645338
39049 0.96486 0.2 0.657577 0.636782 0.64794
39099 0.994429 0.2 0.651665 0.629194 0.648889
39149 0.972539 0.2 0.661518 0.634235 0.655719
39199 0.980219 0.2 0.664937 0.643128 0.640782
39249 0.97244 0.2 0.654313 0.644705 0.648029
39299 0.976757 0.2 0.64511 0.638993 0.653991
39349 0.983696 0.2 0.659003 0.633656 0.648782
39399 0.979549 0.2 0.660446 0.632281 0.652511
39449 0.980668 0.2 0.659699 0.638377 0.646014
39499 0.978385 0.2 0.665278 0.634521 0.656323
39549 0.977065 0.2 0.663717 0.628273 0.652571
39599 0.988113 0.2 0.660903 0.6409 0.644733
39649 0.979681 0.2 0.658106 0.630308 0.644808
39699 0.969135 0.2 0.656324 0.636303 0.643757
39749 0.962359 0.2 0.653059 0.641529 0.652179
39799 0.982133 0.2 0.659146 0.627734 0.655467
39849 0.983522 0.2 0.66076 0.628007 0.643135
39899 0.983134 0.2 0.652374 0.63174 0.643341
39949 0.968297 0.2 0.651819 0.636462 0.651114
39999 0.976788 0.2 0.653293 0.632715 0.647863
40049 0.970084 0.2 0.647682 0.639794 0.646807
40099 0.97916 0.2 0.642601 0.641408 0.654018
40149 0.981281 0.2 0.653969 0.640261 0.645968
40199 0.966482 0.2 0.654619 0.635682 0.650765
40249 0.964991 0.2 0.670235 0.62731 0.64321
40299 0.986694 0.2 0.654592 0.624231 0.646225
40349 0.970374 0.2 0.665241 0.632671 0.647889
40399 0.963687 0.2 0.653651 0.631206 0.647661
40449 0.968185 0.2 0.671236 0.632652 0.656446
40499 0.967086 0.2 0.668009 0.628712 0.647482
40549 0.971983 0.2 0.657295 0.639497 0.639625
40599 0.967737 0.2 0.645883 0.624182 0.650434
40649 0.969264 0.2 0.661469 0.637283 0.643066
40699 0.967069 0.2 0.653565 0.633762 0.65001
40749 0.962123 0.2 0.657143 0.629866 0.63771
40799 0.965554 0.2 0.661199 0.637075 0.64066
40849 0.968186 0.2 0.653925 0.627892 0.648731
40899 0.978353 0.2 0.650455 0.638853 0.661486
40949 0.961009 0.2 0.653792 0.641514 0.647594
40999 0.97155 0.2 0.648336 0.632761 0.64996
41049 0.972284 0.2 0.648365 0.623369 0.649542
41099 0.969799 0.2 0.660897 0.636066 0.639291
41149 0.973145 0.2 0.662971 0.633482 0.65428
41199 0.976098 0.2 0.664336 0.626716 0.645396
41249 0.965733 0.2 0.66129 0.624008 0.636408
41299 0.966666 0.2 0.653912 0.640358 0.653959
41349 0.963725 0.2 0.664194 0.637008 0.646438
41399 0.961199 0.2 0.663041 0.638249 0.646008
41449 0.965406 0.2 0.662246 0.632142 0.64066
41499 0.957047 0.2 0.654923 0.646977 0.655237
41549 0.961992 0.2 0.650614 0.643679 0.650781
41599 0.979633 0.2 0.665059 0.638417 0.655888
41649 0.958816 0.2 0.649236 0.641362 0.64662
41699 0.971579 0.2 0.658527 0.634214 0.649294
41749 0.962325 0.2 0.657166 0.621851 0.655419
41799 0.963904 0.2 0.665778 0.622722 0.64866
41849 0.959365 0.2 0.667399 0.6257 0.645436
41899 0.967744 0.2 0.65809 0.62706 0.648192
41949 0.967401 0.2 0.652815 0.645941 0.652398
41999 0.977378 0.2 0.646937 0.627884 0.648099
42049 0.976805 0.2 0.660184 0.626797 0.653743
42099 0.965619 0.2 0.656496 0.633717 0.648169
42149 0.964113 0.2 0.66559 0.626626 0.648355
42199 0.953862 0.2 0.657801 0.624649 0.650945
42249 0.965888 0.2 0.658707 0.636292 0.646532
42299 0.969165 0.2 0.662831 0.640717 0.642947
42349 0.971077 0.2 0.658114 0.630949 0.639553
42399 0.964599 0.2 0.647445 0.636912 0.649193
42449 0.959926 0.2 0.653211 0.641284 0.657981
42499 0.974189 0.2 0.657839 0.639639 0.640638
42549 0.974141 0.2 0.665368 0.634033 0.651407
42599 0.9575 0.2 0.65414 0.625643 0.646331
42649 0.961443 0.2 0.662548 0.630495 0.659534
42699 0.962793 0.2 0.646646 0.628038 0.647345
42749 0.966706 0.2 0.662244 0.631137 0.64347
42799 0.961391 0.2 0.648202 0.63107 0.652292
42849 0.946422 0.2 0.662739 0.634455 0.650292
42899 0.95254 0.2 0.656222 0.634934 0.647857
42949 0.959471 0.2 0.655743 0.634034 0.641909
42999 0.952966 0.2 0.667296 0.629821 0.649451
43049 0.956922 0.2 0.653768 0.634435 0.64446
43099 0.957177 0.2 0.649782 0.644237 0.642357
43149 0.954861 0.2 0.665834 0.632865 0.646402
43199 0.952059 0.2 0.667181 0.634272 0.650603
43249 0.955277 0.2 0.66159 0.634881 0.645713
43299 0.958836 0.2 0.642747 0.627957 0.651359
43349 0.953266 0.2 0.654915 0.641563 0.645954
43399 0.955206 0.2 0.654307 0.633071 0.640353
43449 0.956205 0.2 0.662824 0.631301 0.646102
43499 0.955909 0.2 0.664964 0.63809 0.64389
43549 0.945435 0.2 0.654188 0.640611 0.650098
43599 0.945452 0.2 0.657526 0.623496 0.655423
43649 0.953318 0.2 0.66647 0.645745 0.648216
43699 0.960085 0.2 0.65921 0.638727 0.647129
43749 0.956681 0.2 0.668167 0.632648 0.661898
43799 0.959483 0.2 0.658819 0.629144 0.645621
43849 0.969814 0.2 0.660185 0.655201 0.648676
43899 0.942403 0.2 0.665317 0.639922 0.651607
43949 0.960842 0.2 0.659606 0.626598 0.639499
43999 0.965134 0.2 0.664536 0.627197 0.644558
44049 0.9576 0.2 0.661296 0.625287 0.648457
44099 0.948017 0.2 0.661328 0.64075 0.651388
44149 0.954696 0.2 0.663826 0.634265 0.65138
44199 0.969062 0.2 0.660113 0.632593 0.646202
44249 0.968547 0.2 0.65655 0.623455 0.647872
44299 0.954048 0.2 0.664118 0.631709 0.641082
44349 0.968648 0.2 0.658293 0.623508 0.653592
44399 0.95895 0.2 0.647957 0.621099 0.655286
44449 0.958471 0.2 0.652206 0.63506 0.646508
44499 0.957962 0.2 0.653335 0.632955 0.642156
44549 0.952086 0.2 0.661186 0.64033 0.641477
44599 0.956013 0.2 0.672769 0.626901 0.64658
44649 0.957031 0.2 0.652921 0.652023 0.633446
44699 0.957238 0.2 0.661017 0.62107 0.649413
44749 0.954025 0.2 0.656358 0.633838 0.641358
44799 0.957432 0.2 0.660566 0.631546 0.648688
44849 0.957261 0.2 0.661891 0.639775 0.65295
44899 0.968791 0.2 0.659022 0.63693 0.64227
44949 0.958168 0.2 0.667456 0.634536 0.641425
44999 0.96193 0.2 0.656186 0.646882 0.643194
45049 0.958778 0.2 0.665596 0.623258 0.647339
45099 0.959738 0.2 0.664585 0.642235 0.652232
45149 0.956576 0.2 0.661129 0.645263 0.645446
45199 0.960195 0.2 0.66384 0.625686 0.655493
45249 0.95497 0.2 0.662037 0.643977 0.64953
45299 0.94601 0.2 0.663521 0.618535 0.655203
45349 0.957632 0.2 0.661013 0.634384 0.649272
45399 0.956146 0.2 0.659637 0.630101 0.652431
45449 0.960033 0.2 0.665693 0.633386 0.652657
45499 0.966977 0.2 0.654361 0.632 0.65928
45549 0.962181 0.2 0.663544 0.630248 0.645201
45599 0.948344 0.2 0.648278 0.629848 0.655773
45649 0.96406 0.2 0.657013 0.640634 0.646779
45699 0.953703 0.2 0.663937 0.634912 0.648764
45749 0.948199 0.2 0.672535 0.639516 0.651724
45799 0.950726 0.2 0.658012 0.642379 0.652993
45849 0.945226 0.2 0.654618 0.629371 0.652383
45899 0.945793 0.2 0.672621 0.652117 0.652939
45949 0.959139 0.2 0.65412 0.620227 0.647513
45999 0.950041 0.2 0.661889 0.620246 0.651785
46049 0.948013 0.2 0.667748 0.633992 0.648312
46099 0.943432 0.2 0.668751 0.647371 0.645549
46149 0.947159 0.2 0.652865 0.641809 0.650433
46199 0.953376 0.2 0.671863 0.63556 0.651161
46249 0.968534 0.2 0.656652 0.643928 0.64632
46299 0.968784 0.2 0.660789 0.628531 0.644221
46349 0.93165 0.2 0.651005 0.634539 0.651407
46399 0.951848 0.2 0.661224 0.639549 0.650979
46449 0.94216 0.2 0.645547 0.645555 0.648151
46499 0.9524 0.2 0.653694 0.637187 0.647497
46549 0.956303 0.2 0.668728 0.636462 0.641122
46599 0.957929 0.2 0.651734 0.6302 0.654703
46649 0.946771 0.2 0.642213 0.627315 0.649197
46699 0.950192 0.2 0.656681 0.615293 0.656265
46749 0.945692 0.2 0.653356 0.639357 0.656603
46799 0.939522 0.2 0.669996 0.641506 0.658572
46849 0.941862 0.2 0.661952 0.629461 0.649537
46899 0.958004 0.2 0.663043 0.64091 0.652675
46949 0.947995 0.2 0.662802 0.635631 0.652272
46999 0.951431 0.2 0.648994 0.620358 0.653119
47049 0.955052 0.2 0.651135 0.644026 0.650749
47099 0.949174 0.2 0.66005 0.64603 0.647701
47149 0.959219 0.2 0.658266 0.634505 0.640739
47199 0.950178 0.2 0.657474 0.622906 0.651336
47249 0.939613 0.2 0.66224 0.639975 0.650504
47299 0.953965 0.2 0.659166 0.640253 0.648774
47349 0.947896 0.2 0.654696 0.635921 0.644051
47399 0.951155 0.2 0.665567 0.633262 0.651813
47449 0.950434 0.2 0.665123 0.632303 0.644723
47499 0.954398 0.2 0.65449 0.633186 0.647817
47549 0.948901 0.2 0.654332 0.63921 0.653677
47599 0.951002 0.2 0.66092 0.624994 0.650947
47649 0.960341 0.2 0.663046 0.637941 0.643561
47699 0.947291 0.2 0.658674 0.634933 0.646099
47749 0.945268 0.2 0.659284 0.631174 0.642388
47799 0.945906 0.2 0.644366 0.635229 0.658201
47849 0.935109 0.2 0.657942 0.628851 0.64281
47899 0.947428 0.2 0.664878 0.637226 0.65303
47949 0.947795 0.2 0.662303 0.622803 0.63725
47999 0.953775 0.2 0.659289 0.639777 0.652117
48049 0.940035 0.2 0.654204 0.626777 0.65697
48099 0.956531 0.2 0.658619 0.639097 0.653616
48149 0.956373 0.2 0.674116 0.633672 0.641361
48199 0.952048 0.2 0.653121 0.628489 0.642904
48249 0.960084 0.2 0.661776 0.629441 0.652643
48299 0.954198 0.2 0.656877 0.623757 0.649288
48349 0.938253 0.2 0.653457 0.634904 0.643342
48399 0.941146 0.2 0.668054 0.640162 0.649704
48449 0.942132 0.2 0.666635 0.646764 0.659208
48499 0.938244 0.2 0.653804 0.632471 0.647663
48549 0.945658 0.2 0.661029 0.643537 0.64468
48599 0.94929 0.2 0.662343 0.63259 0.64738
48649 0.949439 0.2 0.655624 0.616357 0.653878
48699 0.948546 0.2 0.65925 0.625325 0.648966
48749 0.931634 0.2 0.658884 0.618263 0.655067
48799 0.948543 0.2 0.662104 0.644667 0.651053
48849 0.942319 0.2 0.659579 0.638083 0.652364
48899 0.942269 0.2 0.651254 0.631775 0.646177
48949 0.941331 0.2 0.663728 0.620167 0.656703
48999 0.937743 0.2 0.665117 0.62616 0.646882
49049 0.949249 0.2 0.66097 0.621112 0.651078
49099 0.930495 0.2 0.662619 0.626513 0.648604
49149 0.934974 0.2 0.651828 0.631858 0.656448
49199 0.950127 0.2 0.645826 0.634083 0.647599
49249 0.924461 0.2 0.656371 0.625751 0.646263
49299 0.942916 0.2 0.670588 0.640498 0.654244
49349 0.945684 0.2 0.66346 0.630936 0.643107
49399 0.943686 0.2 0.663502 0.623752 0.648985
49449 0.949525 0.2 0.660572 0.639857 0.654764
49499 0.952075 0.2 0.667463 0.625096 0.642791
49549 0.961863 0.2 0.65465 0.630004 0.654786
49599 0.942791 0.2 0.658882 0.640309 0.653554
49649 0.933451 0.2 0.658881 0.627636 0.650157
49699 0.956147 0.2 0.653373 0.631369 0.654208
49749 0.946097 0.2 0.661047 0.635817 0.646013
49799 0.947125 0.2 0.673587 0.638996 0.656795
49849 0.941735 0.2 0.661811 0.643408 0.640218
49899 0.946696 0.2 0.654068 0.645061 0.649303
49949 0.941002 0.2 0.651998 0.645481 0.653956
49999 0.953001 0.2 0.669178 0.633889 0.655012
50049 0.952444 0.2 0.653432 0.635324 0.653178
50099 0.946819 0.2 0.673464 0.637419 0.647125
50149 0.956127 0.2 0.653567 0.624086 0.653869
50199 0.940532 0.2 0.655677 0.62549 0.644783
50249 0.931673 0.2 0.657701 0.633625 0.647098
50299 0.938231 0.2 0.664523 0.62962 0.651148
50349 0.941398 0.2 0.669015 0.628866 0.651655
50399 0.941045 0.2 0.659052 0.629026 0.645725
50449 0.944512 0.2 0.655757 0.635326 0.658197
50499 0.946207 0.2 0.667248 0.636736 0.64964
50549 0.933101 0.2 0.64855 0.634127 0.649357
50599 0.941118 0.2 0.665137 0.636622 0.654371
50649 0.937827 0.2 0.662944 0.645035 0.642476
50699 0.937328 0.2 0.660735 0.638265 0.648669
50749 0.93716 0.2 0.659837 0.646273 0.654202
50799 0.933473 0.2 0.649493 0.640859 0.655279
50849 0.929789 0.2 0.646803 0.628869 0.656442
50899 0.931503 0.2 0.66539 0.639557 0.636077
50949 0.927798 0.2 0.653735 0.645439 0.647982
50999 0.93555 0.2 0.658042 0.639396 0.65046
51049 0.933512 0.2 0.665917 0.63292 0.655179
51099 0.931007 0.2 0.653666 0.636556 0.652558
51149 0.931256 0.2 0.662965 0.638537 0.651685
51199 0.938938 0.2 0.657252 0.618588 0.641118
51249 0.9429 0.2 0.652239 0.645298 0.649084
51299 0.937881 0.2 0.658633 0.643608 0.651026
51349 0.925433 0.2 0.672451 0.650142 0.656612
51399 0.921634 0.2 0.663998 0.622551 0.652343
51449 0.935948 0.2 0.654618 0.638406 0.650117
51499 0.930967 0.2 0.655728 0.626626 0.651322
51549 0.931155 0.2 0.656443 0.633529 0.653596
51599 0.939811 0.2 0.662759 0.628373 0.641316
51649 0.930344 0.2 0.656634 0.64423 0.651525
51699 0.941865 0.2 0.660894 0.646715 0.640818
51749 0.941898 0.2 0.664756 0.632979 0.643937
51799 0.928195 0.2 0.662058 0.631475 0.650057
51849 0.933354 0.2 0.666464 0.64062 0.650873
51899 0.934313 0.2 0.671348 0.638676 0.649322
51949 0.929377 0.2 0.658818 0.626443 0.649913
51999 0.937906 0.2 0.662419 0.642591 0.649537
52049 0.934623 0.2 0.651588 0.637205 0.651902
52099 0.946537 0.2 0.654047 0.634627 0.663989
52149 0.95251 0.2 0.665605 0.634422 0.63758
52199 0.929583 0.2 0.662119 0.641062 0.646416
52249 0.9428 0.2 0.658971 0.634016 0.660617
52299 0.924272 0.2 0.653414 0.636244 0.652026
52349 0.940958 0.2 0.667071 0.633808 0.654753
52399 0.932407 0.2 0.668815 0.622954 0.64967
52449 0.938578 0.2 0.665116 0.623562 0.659149
52499 0.921269 0.2 0.650995 0.628059 0.655705
52549 0.928254 0.2 0.658507 0.635672 0.651112
52599 0.930104 0.2 0.660815 0.62732 0.646707
52649 0.938947 0.2 0.663744 0.630596 0.648851
52699 0.939377 0.2 0.668442 0.633964 0.653358
52749 0.943825 0.2 0.654359 0.620113 0.648283
52799 0.927925 0.2 0.672346 0.629838 0.647916
52849 0.931725 0.2 0.656569 0.632319 0.649009
52899 0.928808 0.2 0.655223 0.624941 0.653129
52949 0.939493 0.2 0.656109 0.638228 0.652855
52999 0.936144 0.2 0.658209 0.633016 0.64146
53049 0.950477 0.2 0.664306 0.643986 0.647441
53099 0.924597 0.2 0.674633 0.632632 0.651272
53149 0.944232 0.2 0.660184 0.642026 0.65018
53199 0.930536 0.2 0.662703 0.640364 0.662355
53249 0.925871 0.2 0.666647 0.628627 0.647916
53299 0.919208 0.2 0.667966 0.61612 0.656624
53349 0.928775 0.2 0.666638 0.629123 0.644389
53399 0.934841 0.2 0.653014 0.638175 0.646391
53449 0.94733 0.2 0.659029 0.636697 0.649655
53499 0.927845 0.2 0.661879 0.635927 0.655312
53549 0.934541 0.2 0.651437 0.646409 0.64663
53599 0.940525 0.2 0.661016 0.626952 0.655928
53649 0.954103 0.2 0.654713 0.637473 0.650935
53699 0.939527 0.2 0.664352 0.625159 0.642449
53749 0.922805 0.2 0.652293 0.636076 0.654829
53799 0.934642 0.2 0.650981 0.639112 0.65286
53849 0.93792 0.2 0.655803 0.642784 0.653178
53899 0.931493 0.2 0.658878 0.628328 0.655296
53949 0.935324 0.2 0.665226 0.631881 0.652295
53999 0.9245 0.2 0.659 0.647571 0.651177
54049 0.928905 0.2 0.66151 0.638935 0.654446
54099 0.935963 0.2 0.667373 0.622818 0.649931
54149 0.945411 0.2 0.647656 0.645233 0.649272
54199 0.936857 0.2 0.665679 0.642734 0.654256
54249 0.925287 0.2 0.664795 0.629107 0.645905
54299 0.931112 0.2 0.662806 0.636336 0.653953
54349 0.936178 0.2 0.646547 0.633667 0.659405
54399 0.926861 0.2 0.663967 0.643041 0.659141
54449 0.927507 0.2 0.665784 0.636593 0.652588
54499 0.927351 0.2 0.65973 0.639528 0.655204
54549 0.934622 0.2 0.664779 0.639414 0.653506
54599 0.931907 0.2 0.660604 0.637888 0.646901
54649 0.939865 0.2 0.667165 0.635627 0.645023
54699 0.927607 0.2 0.650655 0.630642 0.655677
54749 0.928651 0.2 0.665118 0.635465 0.655469
54799 0.936497 0.2 0.665761 0.644608 0.650805
54849 0.928379 0.2 0.662576 0.633869 0.645295
54899 0.936836 0.2 0.653147 0.639567 0.649266
54949 0.929431 0.2 0.658942 0.629061 0.650915
54999 0.931164 0.2 0.659485 0.629797 0.646299
55049 0.934315 0.2 0.674355 0.632693 0.646103
55099 0.924199 0.2 0.655253 0.646557 0.654234
55149 0.930333 0.2 0.658402 0.617876 0.647284
55199 0.933492 0.2 0.659302 0.635085 0.650558
55249 0.921497 0.2 0.653391 0.641605 0.656585
55299 0.929851 0.2 0.6594 0.624387 0.648154
55349 0.938959 0.2 0.66358 0.614463 0.644295
55399 0.918485 0.2 0.660224 0.625902 0.655907
55449 0.932532 0.2 0.661746 0.637526 0.659941
55499 0.927965 0.2 0.659337 0.627114 0.655843
55549 0.912832 0.2 0.65915 0.625136 0.65474
55599 0.924894 0.2 0.653645 0.616022 0.653906
55649 0.926801 0.2 0.658047 0.646273 0.650335
55699 0.934239 0.2 0.646566 0.633783 0.654133
55749 0.925429 0.2 0.663909 0.635858 0.647702
55799 0.931936 0.2 0.649399 0.635698 0.659277
55849 0.934271 0.2 0.651691 0.624837 0.657153
55899 0.926996 0.2 0.657714 0.631911 0.646146
55949 0.913668 0.2 0.647232 0.629735 0.65895
55999 0.927607 0.2 0.664172 0.634834 0.653995
56049 0.921513 0.2 0.652818 0.632942 0.655945
56099 0.932805 0.2 0.649278 0.634956 0.650345
56149 0.915889 0.2 0.661248 0.630358 0.65277
56199 0.928371 0.2 0.649685 0.632657 0.649689
56249 0.934224 0.2 0.649097 0.64345 0.656183
56299 0.91418 0.2 0.650383 0.633868 0.658947
56349 0.927066 0.2 0.668389 0.628356 0.650828
56399 0.935648 0.2 0.655779 0.639719 0.65385
56449 0.930817 0.2 0.648671 0.645891 0.646826
56499 0.935023 0.2 0.649427 0.633694 0.655822
56549 0.928901 0.2 0.656537 0.638437 0.655859
56599 0.935432 0.2 0.650542 0.621966 0.657834
56649 0.92963 0.2 0.653655 0.639818 0.645105
56699 0.927764 0.2 0.655223 0.646739 0.656365
56749 0.918773 0.2 0.651574 0.641315 0.652028
56799 0.914698 0.2 0.656453 0.645502 0.646258
56849 0.924724 0.2 0.650045 0.635285 0.66184
56899 0.920445 0.2 0.666063 0.621945 0.655204
56949 0.911174 0.2 0.668923 0.621633 0.652657
56999 0.931735 0.2 0.659107 0.624785 0.662279
57049 0.920462 0.2 0.652549 0.629453 0.646073
57099 0.932727 0.2 0.665889 0.629173 0.65964
57149 0.918557 0.2 0.662874 0.63707 0.645269
57199 0.930487 0.2 0.666606 0.627183 0.65877
57249 0.913021 0.2 0.669675 0.644995 0.643732
57299 0.92856 0.2 0.665019 0.642236 0.652009
57349 0.917872 0.2 0.662285 0.629221 0.648893
57399 0.921586 0.2 0.66895 0.626816 0.655442
57449 0.922445 0.2 0.662716 0.633332 0.656195
57499 0.926964 0.2 0.663692 0.632097 0.64859
57549 0.919326 0.2 0.659789 0.640351 0.656759
57599 0.910795 0.2 0.653406 0.62693 0.657616
57649 0.923873 0.2 0.654668 0.638603 0.652706
57699 0.931588 0.2 0.645861 0.644574 0.658555
57749 0.920429 0.2 0.654989 0.632929 0.661517
57799 0.909099 0.2 0.656358 0.630432 0.646497
57849 0.929889 0.2 0.653829 0.632566 0.658971
57899 0.917947 0.2 0.652959 0.646507 0.649967
57949 0.918461 0.2 0.666102 0.625978 0.649152
57999 0.902345 0.2 0.660952 0.633012 0.645448
58049 0.923034 0.2 0.655285 0.639004 0.647312
58099 0.922497 0.2 0.663039 0.631866 0.653727
58149 0.910304 0.2 0.667332 0.647021 0.659493
58199 0.917066 0.2 0.66029 0.636098 0.656846
58249 0.916192 0.2 0.653493 0.640725 0.644993
58299 0.919257 0.2 0.658711 0.623639 0.650566
58349 0.912832 0.2 0.653134 0.648278 0.653649
58399 0.910495 0.2 0.649893 0.639215 0.649788
58449 0.914481 0.2 0.65239 0.623446 0.650836
58499 0.921404 0.2 0.666914 0.641197 0.654416
58549 0.914071 0.2 0.65 0.645586 0.660335
58599 0.918437 0.2 0.652045 0.632408 0.656984
58649 0.921586 0.2 0.65898 0.628537 0.656698
58699 0.910292 0.2 0.644935 0.632998 0.646584
58749 0.919311 0.2 0.638459 0.631734 0.646684
58799 0.920269 0.2 0.660638 0.63088 0.652464
58849 0.921108 0.2 0.674996 0.633193 0.658034
58899 0.919952 0.2 0.656036 0.620247 0.651053
58949 0.914098 0.2 0.654709 0.625544 0.6547
58999 0.927661 0.2 0.658447 0.635039 0.652949
59049 0.927038 0.2 0.657259 0.631065 0.657803
59099 0.917377 0.2 0.6515 0.632848 0.652817
59149 0.914619 0.2 0.66471 0.635516 0.649991
59199 0.919464 0.2 0.647683 0.637833 0.656155
59249 0.913571 0.2 0.657661 0.652842 0.654788
59299 0.927548 0.2 0.652513 0.647296 0.654688
59349 0.928384 0.2 0.651454 0.646533 0.658284
59399 0.913101 0.2 0.660631 0.647371 0.650291
59449 0.919559 0.2 0.662191 0.63605 0.663539
59499 0.90498 0.2 0.654631 0.632505 0.657102
59549 0.90983 0.2 0.656671 0.64066 0.652092
59599 0.907178 0.2 0.665248 0.635317 0.653639
59649 0.907335 0.2 0.663032 0.639919 0.646477
59699 0.913014 0.2 0.661278 0.637651 0.650292
59749 0.918737 0.2 0.668825 0.653019 0.650581
59799 0.909182 0.2 0.657261 0.628569 0.658283
59849 0.917155 0.2 0.653596 0.637446 0.659531
59899 0.925491 0.2 0.65456 0.644621 0.656116
59949 0.919969 0.2 0.662107 0.631849 0.652425
59999 0.909371 0.2 0.651594 0.644268 0.651277
60049 0.907461 0.2 0.658451 0.632039 0.654594
60099 0.916036 0.2 0.64809 0.635601 0.654754
60149 0.909153 0.2 0.665768 0.630264 0.661664
60199 0.92498 0.2 0.661198 0.647966 0.657364
60249 0.890571 0.2 0.654469 0.641517 0.653256
60299 0.907128 0.2 0.660207 0.63214 0.657303
60349 0.90948 0.2 0.648164 0.642906 0.647912
60399 0.906587 0.2 0.65499 0.63646 0.646159
60449 0.887916 0.2 0.664628 0.642579 0.652142
60499 0.915709 0.2 0.66161 0.62775 0.65416
60549 0.925146 0.2 0.663917 0.631735 0.660611
60599 0.897466 0.2 0.657841 0.632364 0.647942
60649 0.913999 0.2 0.657522 0.634287 0.643554
60699 0.910826 0.2 0.667805 0.640405 0.653618
60749 0.906352 0.2 0.660731 0.637874 0.656108
60799 0.913253 0.2 0.656925 0.642971 0.664212
60849 0.920131 0.2 0.666961 0.626649 0.656353
60899 0.901307 0.2 0.6618 0.63156 0.662895
60949 0.91629 0.2 0.650519 0.620482 0.646384
60999 0.91035 0.2 0.654108 0.638151 0.656616
61049 0.923543 0.2 0.651547 0.642253 0.648666
61099 0.90015 0.2 0.665155 0.636847 0.65349
61149 0.902811 0.2 0.656735 0.617191 0.656049
61199 0.910449 0.2 0.65164 0.633278 0.647149
61249 0.910865 0.2 0.66157 0.635598 0.65404
61299 0.906707 0.2 0.661234 0.613225 0.660366
61349 0.921152 0.2 0.667883 0.640725 0.659352
61399 0.911423 0.2 0.656493 0.633251 0.655803
61449 0.92066 0.2 0.658056 0.641842 0.651987
61499 0.896591 0.2 0.662046 0.657298 0.654548
61549 0.911373 0.2 0.650463 0.624237 0.665119
61599 0.910364 0.2 0.654892 0.630421 0.652334
61649 0.913287 0.2 0.646769 0.638031 0.657612
61699 0.88924 0.2 0.664464 0.641409 0.652017
61749 0.893915 0.2 0.652277 0.626237 0.653999
61799 0.89481 0.2 0.656729 0.618269 0.657126
61849 0.902111 0.2 0.646462 0.62654 0.660161
61899 0.893711 0.2 0.656739 0.636835 0.656239
61949 0.893534 0.2 0.654944 0.626027 0.644122
61999 0.898933 0.2 0.66067 0.633474 0.661668
62049 0.88768 0.2 0.664158 0.63408 0.653749
62099 0.902164 0.2 0.649798 0.631566 0.656192
62149 0.90539 0.2 0.651826 0.626745 0.658691
62199 0.900494 0.2 0.652223 0.639823 0.650846
62249 0.923234 0.2 0.654362 0.619179 0.658996
62299 0.891835 0.2 0.665673 0.630444 0.653102
62349 0.895996 0.2 0.654604 0.633983 0.65341
62399 0.893251 0.2 0.671545 0.63405 0.656013
62449 0.899436 0.2 0.66073 0.635413 0.650811
62499 0.91031 0.2 0.643912 0.626401 0.654448
62549 0.903206 0.2 0.662014 0.633481 0.664441
62599 0.905502 0.2 0.646204 0.642833 0.658128
62649 0.887153 0.2 0.658278 0.622543 0.65492
62699 0.895622 0.2 0.66127 0.642257 0.656504
62749 0.908996 0.2 0.665373 0.6265 0.655594
62799 0.897453 0.2 0.649884 0.633078 0.655751
62849 0.905084 0.2 0.661495 0.630041 0.653297
62899 0.90917 0.2 0.649517 0.633337 0.66172
62949 0.891816 0.2 0.657649 0.637877 0.651217
62999 0.899926 0.2 0.663914 0.648673 0.645586
63049 0.901749 0.2 0.656075 0.643789 0.647619
63099 0.90156 0.2 0.656446 0.625057 0.648384
63149 0.902489 0.2 0.658914 0.628232 0.657539
63199 0.896244 0.2 0.666774 0.636152 0.645214
63249 0.905661 0.2 0.661337 0.633516 0.658328
63299 0.910358 0.2 0.654137 0.643138 0.66011
63349 0.891742 0.2 0.644702 0.641433 0.651831
63399 0.878602 0.2 0.661286 0.633066 0.656707
63449 0.900084 0.2 0.6553 0.641884 0.640212
63499 0.890193 0.2 0.661789 0.633313 0.653388
63549 0.900332 0.2 0.660246 0.63292 0.658211
63599 0.902191 0.2 0.662886 0.632896 0.64575
63649 0.910269 0.2 0.659126 0.639532 0.65813
63699 0.896046 0.2 0.65813 0.647489 0.658568
63749 0.891984 0.2 0.662387 0.64582 0.660977
63799 0.885323 0.2 0.655458 0.630239 0.655251
63849 0.894548 0.2 0.655291 0.634781 0.64831
63899 0.894308 0.2 0.668897 0.639892 0.655781
63949 0.891857 0.2 0.657175 0.644673 0.6553
63999 0.884281 0.2 0.672586 0.64067 0.654791
64049 0.904378 0.2 0.655473 0.633722 0.654003
64099 0.89499 0.2 0.659284 0.640358 0.664789
64149 0.903813 0.2 0.661743 0.637195 0.654493
64199 0.893763 0.2 0.660004 0.646234 0.651222
64249 0.893972 0.2 0.653773 0.627192 0.661771
64299 0.902591 0.2 0.665131 0.630579 0.651466
64349 0.889139 0.2 0.652777 0.636354 0.658681
64399 0.897335 0.2 0.665909 0.638446 0.657079
64449 0.886303 0.2 0.672597 0.628513 0.655651
64499 0.89789 0.2 0.656604 0.649703 0.64883
64549 0.877251 0.2 0.672837 0.621226 0.655183
64599 0.878343 0.2 0.656732 0.639634 0.661764
64649 0.889108 0.2 0.662403 0.63788 0.655982
64699 0.895698 0.2 0.662928 0.644419 0.6496
64749 0.893851 0.2 0.640724 0.636416 0.649671
64799 0.897634 0.2 0.662096 0.629412 0.656406
64849 0.898305 0.2 0.65679 0.629981 0.649221
64899 0.872092 0.2 0.670831 0.634139 0.654305
64949 0.894276 0.2 0.652482 0.637132 0.66395
64999 0.882144 0.2 0.66819 0.643233 0.662097
65049 0.892782 0.2 0.651889 0.643721 0.64998
65099 0.879289 0.2 0.642707 0.650741 0.661833
65149 0.890237 0.2 0.659171 0.635022 0.654713
65199 0.902723 0.2 0.664708 0.6418 0.652151
65249 0.892643 0.2 0.660439 0.630216 0.657707
65299 0.898308 0.2 0.650112 0.63619 0.659776
65349 0.885851 0.2 0.654943 0.634501 0.657841
65399 0.901575 0.2 0.650207 0.644478 0.654875
65449 0.89298 0.2 0.658077 0.64465 0.660077
65499 0.894661 0.2 0.660423 0.639318 0.656866
65549 0.874249 0.2 0.653834 0.635666 0.663172
65599 0.885179 0.2 0.654784 0.627682 0.644954
65649 0.895439 0.2 0.662797 0.635486 0.659458
65699 0.88361 0.2 0.670423 0.638778 0.668868
65749 0.887345 0.2 0.655474 0.637488 0.661145
65799 0.879879 0.2 0.652363 0.639901 0.66321
65849 0.879575 0.2 0.655885 0.640355 0.663981
65899 0.891857 0.2 0.663312 0.627735 0.656275
65949 0.899734 0.2 0.649162 0.635806 0.668878
65999 0.879757 0.2 0.664477 0.639117 0.659824
66049 0.871513 0.2 0.661655 0.641464 0.655621
66099 0.888016 0.2 0.648862 0.643003 0.647075
66149 0.882593 0.2 0.667888 0.622658 0.652911
66199 0.897823 0.2 0.662456 0.632344 0.653384
66249 0.888769 0.2 0.653573 0.634634 0.665389
66299 0.894645 0.2 0.669912 0.634054 0.673232
66349 0.873957 0.2 0.660473 0.620442 0.656941
66399 0.883423 0.2 0.669401 0.635183 0.656599
66449 0.900061 0.2 0.65022 0.627293 0.667414
66499 0.883523 0.2 0.66723 0.623647 0.663188
66549 0.8848 0.2 0.66193 0.641223 0.660286
66599 0.886547 0.2 0.658269 0.633896 0.657347
66649 0.870824 0.2 0.660823 0.631096 0.654737
66699 0.883812 0.2 0.663617 0.640647 0.658486
66749 0.88423 0.2 0.662987 0.625371 0.648082
66799 0.880032 0.2 0.655489 0.633909 0.655242
66849 0.881956 0.2 0.654836 0.628156 0.658511
66899 0.888593 0.2 0.66398 0.643065 0.663212
66949 0.875073 0.2 0.660703 0.638193 0.65379
66999 0.880695 0.2 0.662294 0.632148 0.655138
67049 0.883155 0.2 0.6654 0.64062 0.658217
67099 0.881793 0.2 0.66203 0.624555 0.650436
67149 0.874865 0.2 0.655979 0.625796 0.656048
67199 0.880403 0.2 0.654576 0.639532 0.659831
67249 0.871808 0.2 0.650479 0.634644 0.660662
67299 0.870117 0.2 0.68017 0.629866 0.659328
67349 0.879417 0.2 0.659599 0.63126 0.653951
67399 0.885654 0.2 0.66215 0.643527 0.657045
67449 0.867909 0.2 0.656741 0.645164 0.671643
67499 0.882986 0.2 0.652413 0.619368 0.663756
67549 0.878197 0.2 0.656945 0.636743 0.662212
67599 0.889488 0.2 0.645365 0.614552 0.664504
67649 0.873194 0.2 0.651292 0.639267 0.66066
67699 0.879098 0.2 0.66535 0.624819 0.659134
67749 0.889545 0.2 0.660262 0.639808 0.663434
67799 0.874838 0.2 0.65994 0.61946 0.662493
67849 0.876079 0.2 0.657541 0.636256 0.652952
67899 0.893915 0.2 0.661094 0.616101 0.654484
67949 0.878776 0.2 0.648064 0.634041 0.659369
67999 0.871628 0.2 0.656521 0.63107 0.653458
68049 0.874216 0.2 0.651871 0.641583 0.65396
68099 0.880904 0.2 0.657483 0.643188 0.652344
68149 0.885495 0.2 0.651059 0.64043 0.662191
68199 0.876812 0.2 0.651349 0.637254 0.65473
68249 0.883317 0.2 0.666915 0.635633 0.655089
68299 0.887504 0.2 0.65766 0.626568 0.659468
68349 0.87936 0.2 0.662017 0.630409 0.668303
68399 0.884214 0.2 0.648357 0.629023 0.659574
68449 0.891617 0.2 0.658089 0.634997 0.658336
68499 0.874671 0.2 0.67222 0.630037 0.663799
68549 0.884783 0.2 0.652602 0.648939 0.65054
68599 0.865089 0.2 0.662257 0.625926 0.652237
68649 0.87195 0.2 0.661609 0.640092 0.653251
68699 0.870573 0.2 0.663849 0.633683 0.65892
68749 0.880593 0.2 0.65664 0.643463 0.657646
68799 0.873393 0.2 0.651025 0.641698 0.661028
68849 0.874662 0.2 0.65447 0.636223 0.657318
68899 0.884242 0.2 0.664749 0.637759 0.664539
68949 0.883193 0.2 0.663001 0.625841 0.655797
68999 0.86644 0.2 0.659457 0.632941 0.663123
69049 0.872715 0.2 0.650888 0.63309 0.669083
69099 0.874277 0.2 0.668387 0.638203 0.657483
69149 0.874132 0.2 0.64925 0.641756 0.663897
69199 0.872339 0.2 0.661319 0.625521 0.659244
69249 0.87943 0.2 0.66166 0.633884 0.658039
69299 0.878085 0.2 0.669683 0.64052 0.653117
69349 0.886485 0.2 0.656791 0.639011 0.659596
69399 0.876796 0.2 0.658649 0.631691 0.653998
69449 0.8732 0.2 0.65994 0.633763 0.656696
69499 0.863999 0.2 0.666022 0.641648 0.654073
69549 0.882191 0.2 0.645169 0.640294 0.663689
69599 0.88247 0.2 0.657384 0.627759 0.657321
69649 0.871636 0.2 0.664252 0.646417 0.656936
69699 0.874995 0.2 0.660041 0.626656 0.669629
69749 0.872247 0.2 0.64934 0.644747 0.660644
69799 0.872661 0.2 0.66937 0.644683 0.660981
69849 0.877266 0.2 0.649075 0.635653 0.656837
69899 0.864456 0.2 0.6532 0.640044 0.660542
69949 0.863557 0.2 0.654632 0.623874 0.651015
69999 0.874878 0.2 0.654152 0.624425 0.660454
70049 0.878715 0.2 0.656077 0.639055 0.65605
70099 0.866575 0.2 0.657 0.624416 0.665105
70149 0.86844 0.2 0.664689 0.6416 0.656924
70199 0.881909 0.2 0.662347 0.629696 0.665424
70249 0.871324 0.2 0.656376 0.624047 0.666396
70299 0.870623 0.2 0.645981 0.634941 0.663876
70349 0.879953 0.2 0.661069 0.639436 0.657179
70399 0.861182 0.2 0.640704 0.631236 0.655439
70449 0.878183 0.2 0.658322 0.624706 0.640536
70499 0.861933 0.2 0.651771 0.636356 0.6629
70549 0.86069 0.2 0.666401 0.638823 0.667698
70599 0.87474 0.2 0.663871 0.643345 0.660944
70649 0.863574 0.2 0.659233 0.638424 0.658761
70699 0.877774 0.2 0.654359 0.627901 0.650641
70749 0.86679 0.2 0.654717 0.635728 0.664993
70799 0.867554 0.2 0.654571 0.641536 0.656122
70849 0.871333 0.2 0.656213 0.655018 0.65117
70899 0.87084 0.2 0.657158 0.636042 0.662987
70949 0.872911 0.2 0.664917 0.630353 0.656788
70999 0.851725 0.2 0.668012 0.642234 0.658598
71049 0.873785 0.2 0.667499 0.633208 0.657161
71099 0.875141 0.2 0.670995 0.634333 0.662001
71149 0.861867 0.2 0.656825 0.630139 0.655891
71199 0.869349 0.2 0.671475 0.625592 0.656292
71249 0.857304 0.2 0.66564 0.640393 0.656351
71299 0.883254 0.2 0.653534 0.640383 0.654411
71349 0.873346 0.2 0.672272 0.648072 0.657316
71399 0.868504 0.2 0.657582 0.634771 0.665083
71449 0.8697 0.2 0.661664 0.645767 0.668978
71499 0.858179 0.2 0.66804 0.629505 0.654328
71549 0.871006 0.2 0.654016 0.640981 0.665824
71599 0.867811 0.2 0.664754 0.626461 0.657826
71649 0.864228 0.2 0.659145 0.634869 0.649149
71699 0.86134 0.2 0.659771 0.646909 0.655917
71749 0.875082 0.2 0.650066 0.63755 0.659147
71799 0.873314 0.2 0.665353 0.628307 0.659646
71849 0.864051 0.2 0.664492 0.636965 0.658554
71899 0.863619 0.2 0.649834 0.627789 0.665662
71949 0.85927 0.2 0.651532 0.631434 0.666554
71999 0.871344 0.2 0.652996 0.635002 0.659485
72049 0.873472 0.2 0.654215 0.629882 0.657031
72099 0.862653 0.2 0.659363 0.64318 0.660492
72149 0.874135 0.2 0.655213 0.630703 0.653881
72199 0.873957 0.2 0.662133 0.639593 0.6652
72249 0.877253 0.2 0.665746 0.636813 0.651235
72299 0.874016 0.2 0.663595 0.614597 0.660188
72349 0.871751 0.2 0.659343 0.639693 0.664584
72399 0.88214 0.2 0.661445 0.630119 0.666351
72449 0.861089 0.2 0.653636 0.630919 0.66534
72499 0.871429 0.2 0.64857 0.632598 0.656282
72549 0.86022 0.2 0.658828 0.640953 0.662745
72599 0.865241 0.2 0.669988 0.631026 0.651827
72649 0.861582 0.2 0.663632 0.618048 0.655369
72699 0.865711 0.2 0.669136 0.635433 0.654375
72749 0.860328 0.2 0.657554 0.639934 0.658885
72799 0.857933 0.2 0.648303 0.639368 0.65096
72849 0.870202 0.2 0.660084 0.625285 0.661684
72899 0.860067 0.2 0.664655 0.624964 0.663742
72949 0.867348 0.2 0.664604 0.646242 0.66383
72999 0.869406 0.2 0.661313 0.634303 0.65542
73049 0.871593 0.2 0.660636 0.633818 0.654864
73099 0.866001 0.2 0.655426 0.619602 0.664899
73149 0.858022 0.2 0.662778 0.64776 0.650145
73199 0.87076 0.2 0.649786 0.632301 0.657312
73249 0.876809 0.2 0.653615 0.628698 0.656276
73299 0.86423 0.2 0.666947 0.644954 0.658055
73349 0.870656 0.2 0.670344 0.618925 0.654403
73399 0.86573 0.2 0.653014 0.640748 0.661564
73449 0.866679 0.2 0.661954 0.649023 0.66605
73499 0.868123 0.2 0.666721 0.628565 0.664546
73549 0.863278 0.2 0.660005 0.643114 0.658762
73599 0.874589 0.2 0.66353 0.632277 0.666755
73649 0.85285 0.2 0.658388 0.643911 0.657277
73699 0.860262 0.2 0.672639 0.62806 0.661253
73749 0.85033 0.2 0.647459 0.647452 0.661831
73799 0.870455 0.2 0.652989 0.639299 0.659114
73849 0.846849 0.2 0.657901 0.638043 0.660642
73899 0.863588 0.2 0.654288 0.645964 0.65896
73949 0.851891 0.2 0.64854 0.641918 0.664643
73999 0.876165 0.2 0.645426 0.64953 0.655268
74049 0.873083 0.2 0.653893 0.62202 0.668945
74099 0.856759 0.2 0.651308 0.636055 0.658595
74149 0.851572 0.2 0.668805 0.635207 0.660531
74199 0.849913 0.2 0.65549 0.639522 0.659518
74249 0.855006 0.2 0.66476 0.63044 0.655783
74299 0.857287 0.2 0.658143 0.636088 0.659496
74349 0.859345 0.2 0.65334 0.630911 0.655071
74399 0.845547 0.2 0.660765 0.633869 0.659447
74449 0.854327 0.2 0.65853 0.62837 0.662585
74499 0.854998 0.2 0.66343 0.633363 0.655559
74549 0.860674 0.2 0.656308 0.633275 0.656582
74599 0.849622 0.2 0.643619 0.638001 0.655524
74649 0.854144 0.2 0.664125 0.645226 0.663425
74699 0.868273 0.2 0.665274 0.635947 0.659631
74749 0.867042 0.2 0.665557 0.632601 0.659574
74799 0.86873 0.2 0.669761 0.631511 0.658363
74849 0.869167 0.2 0.654027 0.644914 0.653577
74899 0.865648 0.2 0.662585 0.640848 0.658997
74949 0.8594 0.2 0.664594 0.631382 0.663135
74999 0.860123 0.2 0.655731 0.63429 0.65877
75049 0.85223 0.2 0.659888 0.615324 0.660187
75099 0.864075 0.2 0.663849 0.628599 0.661796
75149 0.854567 0.2 0.664724 0.642809 0.652553
75199 0.866006 0.2 0.670758 0.626995 0.661418
75249 0.871576 0.2 0.674241 0.627899 0.664185
75299 0.865167 0.2 0.658891 0.630328 0.671596
75349 0.852772 0.2 0.653411 0.639357 0.661074
75399 0.875007 0.2 0.651123 0.63532 0.654624
75449 0.86485 0.2 0.66482 0.641705 0.652842
75499 0.863329 0.2 0.657508 0.635416 0.666265
75549 0.846939 0.2 0.654743 0.647621 0.661713
75599 0.876032 0.2 0.66991 0.627431 0.658554
75649 0.855267 0.2 0.6649 0.633859 0.658627
75699 0.86885 0.2 0.661187 0.6427 0.661218
75749 0.867378 0.2 0.658197 0.637053 0.661442
75799 0.860559 0.2 0.662088 0.632316 0.669705
75849 0.869279 0.2 0.669974 0.638123 0.65425
75899 0.868293 0.2 0.662922 0.641456 0.659926
75949 0.86794 0.2 0.65677 0.645665 0.667751
75999 0.857196 0.2 0.668804 0.638205 0.667655
76049 0.851083 0.2 0.661912 0.63168 0.666731
76099 0.856406 0.2 0.656203 0.638386 0.65488
76149 0.868247 0.2 0.651166 0.646976 0.662526
76199 0.845478 0.2 0.670073 0.634169 0.647179
76249 0.852014 0.2 0.66385 0.646375 0.655324
76299 0.859102 0.2 0.665031 0.627286 0.661874
76349 0.856972 0.2 0.660977 0.633374 0.666391
76399 0.863243 0.2 0.659194 0.635607 0.651973
76449 0.84887 0.2 0.653633 0.643621 0.659175
76499 0.870999 0.2 0.666986 0.627818 0.658626
76549 0.864442 0.2 0.657799 0.634386 0.650846
76599 0.863425 0.2 0.666191 0.62113 0.667274
76649 0.859371 0.2 0.662968 0.638218 0.65031
76699 0.850733 0.2 0.651908 0.632707 0.658165
76749 0.858033 0.2 0.662048 0.634472 0.656417
76799 0.869697 0.2 0.658698 0.631766 0.659863
76849 0.864062 0.2 0.647817 0.628661 0.662745
76899 0.847268 0.2 0.661322 0.624984 0.656486
76949 0.855244 0.2 0.656293 0.634713 0.655236
76999 0.86392 0.2 0.671945 0.635246 0.65609
77049 0.86373 0.2 0.64572 0.637656 0.657326
77099 0.856925 0.2 0.660503 0.636642 0.650801
77149 0.862288 0.2 0.660674 0.632093 0.66565
77199 0.85254 0.2 0.651328 0.633676 0.664126
77249 0.859247 0.2 0.657762 0.64876 0.657227
77299 0.858711 0.2 0.656511 0.628417 0.660571
77349 0.856569 0.2 0.664928 0.62632 0.657956
77399 0.844895 0.2 0.653626 0.624701 0.667381
77449 0.851936 0.2 0.650426 0.639625 0.656894
77499 0.856509 0.2 0.651568 0.631648 0.655944
77549 0.856002 0.2 0.666579 0.631324 0.664393
77599 0.852988 0.2 0.663965 0.634516 0.651898
77649 0.853187 0.2 0.664602 0.628457 0.660472
77699 0.860373 0.2 0.672207 0.627827 0.654312
77749 0.841361 0.2 0.659545 0.62905 0.653952
77799 0.860976 0.2 0.657993 0.638851 0.659937
77849 0.849544 0.2 0.664466 0.622554 0.655699
77899 0.855696 0.2 0.659585 0.628375 0.652052
77949 0.853102 0.2 0.662185 0.63243 0.654061
77999 0.861516 0.2 0.671294 0.636438 0.649047
78049 0.858971 0.2 0.655992 0.638764 0.658213
78099 0.865473 0.2 0.655904 0.62587 0.660836
78149 0.859465 0.2 0.647197 0.64468 0.667394
78199 0.853619 0.2 0.658154 0.635493 0.668166
78249 0.858747 0.2 0.664606 0.639984 0.655859
78299 0.848716 0.2 0.66372 0.639484 0.664503
78349 0.850012 0.2 0.642676 0.636187 0.649854
78399 0.855122 0.2 0.655653 0.63052 0.650301
78449 0.868652 0.2 0.672365 0.642251 0.65144
78499 0.860273 0.2 0.658201 0.631337 0.65601
78549 0.849124 0.2 0.660749 0.646849 0.665676
78599 0.856093 0.2 0.658856 0.624235 0.658502
78649 0.850818 0.2 0.658859 0.639639 0.660477
78699 0.842751 0.2 0.649945 0.648246 0.662191
78749 0.86145 0.2 0.655096 0.65475 0.664431
78799 0.846492 0.2 0.66259 0.636934 0.658082
78849 0.847389 0.2 0.651544 0.634258 0.652556
78899 0.865121 0.2 0.65094 0.630794 0.661736
78949 0.863634 0.2 0.657851 0.647568 0.659812
78999 0.85264 0.2 0.655504 0.636554 0.660743
79049 0.851116 0.2 0.661958 0.638258 0.65981
79099 0.840889 0.2 0.65813 0.644142 0.659264
79149 0.851494 0.2 0.664637 0.635773 0.661042
79199 0.854309 0.2 0.665213 0.632914 0.660634
79249 0.852877 0.2 0.638 0.638287 0.648484
79299 0.851738 0.2 0.654492 0.637484 0.657832
79349 0.839851 0.2 0.662261 0.647473 0.659171
79399 0.865636 0.2 0.671731 0.634834 0.669925
79449 0.84807 0.2 0.650822 0.641981 0.656859
79499 0.864011 0.2 0.657193 0.623244 0.657433
79549 0.839128 0.2 0.658328 0.640677 0.662794
79599 0.855459 0.2 0.650879 0.634277 0.65604
79649 0.857199 0.2 0.65331 0.620765 0.675378
79699 0.862184 0.2 0.667634 0.636242 0.657021
79749 0.862969 0.2 0.652162 0.629251 0.663152
79799 0.847312 0.2 0.65319 0.648428 0.656553
79849 0.857622 0.2 0.656676 0.626912 0.658833
79899 0.85277 0.2 0.662348 0.630556 0.656302
79949 0.846344 0.2 0.653755 0.637675 0.661818
79999 0.848249 0.2 0.660721 0.65106 0.658788
80049 0.847149 0.2 0.665362 0.641314 0.654016
80099 0.851869 0.2 0.650597 0.638035 0.652551
80149 0.846784 0.2 0.668734 0.630361 0.653411
80199 0.83166 0.2 0.673746 0.618114 0.653599
80249 0.860558 0.2 0.649527 0.641758 0.662708
80299 0.847965 0.2 0.661685 0.637905 0.653853
80349 0.844941 0.2 0.668422 0.629816 0.663685
80399 0.849468 0.2 0.652898 0.623421 0.650323
80449 0.849698 0.2 0.652235 0.646414 0.652261
80499 0.857394 0.2 0.662166 0.630587 0.65977
80549 0.857612 0.2 0.652512 0.633163 0.659272
80599 0.86106 0.2 0.660534 0.634601 0.653146
80649 0.835023 0.2 0.658068 0.647189 0.660026
80699 0.85412 0.2 0.659166 0.64742 0.656435
80749 0.859523 0.2 0.669513 0.625797 0.659494
80799 0.852679 0.2 0.665113 0.648671 0.659785
80849 0.861882 0.2 0.672632 0.619655 0.66119
80899 0.8441 0.2 0.666904 0.638361 0.656254
80949 0.858052 0.2 0.665565 0.630875 0.653896
80999 0.839721 0.2 0.655734 0.627479 0.649691
81049 0.84757 0.2 0.652056 0.645704 0.663093
81099 0.843679 0.2 0.657683 0.636977 0.66315
81149 0.855487 0.2 0.668754 0.624237 0.660718
81199 0.844029 0.2 0.670239 0.626435 0.654308
81249 0.855934 0.2 0.654136 0.633382 0.662318
81299 0.850298 0.2 0.65384 0.630621 0.650847
81349 0.851412 0.2 0.659799 0.63314 0.661919
81399 0.849582 0.2 0.654798 0.628876 0.666677
81449 0.841923 0.2 0.658466 0.643222 0.657515
81499 0.855312 0.2 0.653729 0.637736 0.656074
81549 0.8505 0.2 0.666404 0.645182 0.651819
81599 0.850832 0.2 0.657103 0.639309 0.661103
81649 0.8553 0.2 0.660917 0.617855 0.667889
81699 0.835286 0.2 0.649796 0.619255 0.653968
81749 0.854105 0.2 0.646946 0.625352 0.660916
81799 0.847505 0.2 0.660017 0.637839 0.651982
81849 0.850202 0.2 0.656887 0.62818 0.662969
81899 0.863209 0.2 0.656248 0.642245 0.659486
81949 0.84511 0.2 0.664934 0.638641 0.658515
81999 0.839398 0.2 0.665072 0.64104 0.656392
82049 0.845939 0.2 0.654316 0.640307 0.665368
82099 0.862981 0.2 0.65964 0.637693 0.66869
82149 0.843837 0.2 0.648823 0.629747 0.665479
82199 0.851879 0.2 0.663052 0.638759 0.660651
82249 0.847351 0.2 0.658212 0.632924 0.652521
82299 0.843675 0.2 0.668325 0.637688 0.654812
82349 0.842489 0.2 0.670672 0.630803 0.650693
82399 0.861011 0.2 0.665337 0.627535 0.656501
82449 0.853603 0.2 0.662195 0.63653 0.661923
82499 0.852202 0.2 0.664858 0.635084 0.664145
82549 0.85306 0.2 0.661721 0.633728 0.662714
82599 0.845918 0.2 0.659363 0.622419 0.668231
82649 0.85528 0.2 0.664612 0.626469 0.661153
82699 0.853381 0.2 0.670338 0.627574 0.659478
82749 0.842339 0.2 0.665387 0.637579 0.665336
82799 0.853811 0.2 0.661698 0.630021 0.656907
82849 0.849479 0.2 0.661863 0.632017 0.66752
82899 0.853608 0.2 0.652218 0.646027 0.660027
82949 0.849627 0.2 0.663259 0.630989 0.659158
82999 0.84501 0.2 0.654435 0.638238 0.669674
83049 0.854605 0.2 0.664391 0.645875 0.655133
83099 0.841451 0.2 0.65375 0.605421 0.663207
83149 0.844629 0.2 0.65795 0.630347 0.663933
83199 0.849886 0.2 0.663147 0.625128 0.658729
83249 0.857341 0.2 0.659809 0.638442 0.663546
83299 0.850035 0.2 0.663052 0.634304 0.657194
83349 0.859455 0.2 0.656826 0.63884 0.655608
83399 0.851961 0.2 0.665835 0.626589 0.661844
83449 0.847683 0.2 0.658992 0.630862 0.665064
83499 0.83726 0.2 0.661119 0.640093 0.659326
83549 0.835302 0.2 0.63926 0.6342 0.652777
83599 0.838813 0.2 0.660765 0.64046 0.665898
83649 0.826359 0.2 0.658478 0.630702 0.662556
83699 0.851808 0.2 0.66647 0.646974 0.661386
83749 0.846396 0.2 0.647073 0.631976 0.656251
83799 0.857021 0.2 0.647301 0.639069 0.670713
83849 0.850547 0.2 0.662109 0.636667 0.650147
83899 0.832229 0.2 0.655957 0.620605 0.668468
83949 0.847207 0.2 0.657018 0.630517 0.665885
83999 0.846374 0.2 0.657988 0.637371 0.660861
84049 0.841825 0.2 0.66442 0.636511 0.651118
84099 0.849081 0.2 0.651764 0.648118 0.665663
84149 0.844299 0.2 0.664405 0.643318 0.664336
84199 0.852145 0.2 0.655044 0.625246 0.666827
84249 0.831324 0.2 0.651426 0.630992 0.653101
84299 0.849861 0.2 0.660018 0.632375 0.659474
84349 0.8378 0.2 0.66278 0.643276 0.658647
84399 0.86047 0.2 0.661856 0.63131 0.658398
84449 0.841629 0.2 0.656882 0.650428 0.663597
84499 0.837926 0.2 0.654695 0.637122 0.663397
84549 0.828725 0.2 0.660342 0.632801 0.653931
84599 0.849903 0.2 0.643906 0.622518 0.658965
84649 0.847037 0.2 0.666113 0.642218 0.647165
84699 0.846407 0.2 0.655729 0.626948 0.662338
84749 0.843428 0.2 0.657928 0.63827 0.657865
84799 0.845849 0.2 0.648553 0.631915 0.658021
84849 0.83732 0.2 0.661417 0.632162 0.660966
84899 0.850998 0.2 0.661704 0.642772 0.657727
84949 0.833871 0.2 0.664732 0.630785 0.663941
84999 0.849901 0.2 0.655785 0.629219 0.658407
85049 0.854452 0.2 0.664638 0.638233 0.656755
85099 0.836218 0.2 0.652993 0.63145 0.665923
85149 0.850147 0.2 0.653235 0.631719 0.65534
85199 0.843455 0.2 0.659536 0.632869 0.649862
85249 0.860107 0.2 0.661569 0.640115 0.652266
85299 0.841633 0.2 0.668862 0.618333 0.655535
85349 0.848119 0.2 0.662122 0.628382 0.658472
85399 0.843063 0.2 0.660058 0.63731 0.659099
85449 0.845232 0.2 0.650476 0.632507 0.660893
85499 0.844909 0.2 0.660221 0.62359 0.666138
85549 0.842607 0.2 0.657241 0.628742 0.654812
85599 0.855338 0.2 0.663301 0.636585 0.662783
85649 0.856687 0.2 0.666377 0.637337 0.662923
85699 0.847145 0.2 0.66091 0.64453 0.65892
85749 0.844672 0.2 0.644953 0.629901 0.658701
85799 0.841129 0.2 0.666382 0.636917 0.655038
85849 0.834352 0.2 0.647529 0.633356 0.658646
85899 0.847658 0.2 0.650566 0.640916 0.660787
85949 0.846857 0.2 0.671217 0.624362 0.657343
85999 0.847317 0.2 0.652491 0.63751 0.654767
86049 0.834514 0.2 0.651863 0.625881 0.659419
86099 0.85011 0.2 0.658267 0.637094 0.662223
86149 0.847053 0.2 0.651666 0.63904 0.654824
86199 0.847539 0.2 0.653464 0.623157 0.660966
86249 0.845662 0.2 0.657893 0.633116 0.652601
86299 0.851848 0.2 0.65581 0.640729 0.662322
86349 0.853601 0.2 0.66475 0.647398 0.657693
86399 0.838789 0.2 0.667883 0.654962 0.648758
86449 0.844818 0.2 0.655061 0.623163 0.65935
86499 0.834671 0.2 0.666145 0.636248 0.666167
86549 0.84283 0.2 0.66158 0.638078 0.653234
86599 0.843596 0.2 0.665264 0.636797 0.662012
86649 0.849127 0.2 0.660719 0.627249 0.663473
86699 0.845806 0.2 0.677954 0.646438 0.666105
86749 0.843357 0.2 0.659111 0.627096 0.666612
86799 0.836575 0.2 0.647261 0.62708 0.656867
86849 0.834199 0.2 0.66761 0.62368 0.65875
86899 0.845364 0.2 0.660731 0.637903 0.66121
86949 0.857546 0.2 0.652063 0.635583 0.655086
86999 0.841145 0.2 0.658049 0.639235 0.665868
87049 0.838553 0.2 0.652089 0.637481 0.658423
87099 0.845322 0.2 0.651465 0.625425 0.662549
87149 0.840338 0.2 0.65892 0.63606 0.662284
87199 0.826054 0.2 0.660187 0.634676 0.667503
87249 0.840768 0.2 0.647348 0.634381 0.655774
87299 0.841681 0.2 0.655 0.62398 0.652604
87349 0.842083 0.2 0.65336 0.633942 0.66213
87399 0.841618 0.2 0.65425 0.628954 0.658109
87449 0.839482 0.2 0.661497 0.642368 0.660057
87499 0.847483 0.2 0.659395 0.632084 0.652189
87549 0.844033 0.2 0.662683 0.638007 0.652881
87599 0.840007 0.2 0.67339 0.634071 0.65885
87649 0.844752 0.2 0.649822 0.632553 0.659351
87699 0.841515 0.2 0.653934 0.635243 0.663169
87749 0.840923 0.2 0.662135 0.637797 0.660491
87799 0.8451 0.2 0.671472 0.629869 0.663664
87849 0.839633 0.2 0.654228 0.632497 0.663873
87899 0.843556 0.2 0.663091 0.639892 0.652411
87949 0.847444 0.2 0.652009 0.64317 0.662408
87999 0.833179 0.2 0.652727 0.629592 0.662466
88049 0.859386 0.2 0.659051 0.654156 0.663708
88099 0.832149 0.2 0.663925 0.643621 0.659873
88149 0.84363 0.2 0.655629 0.622686 0.662121
88199 0.843327 0.2 0.665363 0.628336 0.662042
88249 0.852765 0.2 0.644879 0.640123 0.657966
88299 0.836837 0.2 0.6558 0.628098 0.659355
88349 0.836719 0.2 0.666209 0.620014 0.658866
88399 0.843641 0.2 0.655344 0.632129 0.659956
88449 0.842604 0.2 0.663573 0.649437 0.652406
88499 0.850481 0.2 0.656054 0.629084 0.658284
88549 0.847518 0.2 0.663585 0.622879 0.662716
88599 0.839552 0.2 0.641758 0.633288 0.6631
88649 0.852949 0.2 0.660203 0.634678 0.653261
88699 0.839981 0.2 0.65435 0.645532 0.65072
88749 0.838605 0.2 0.662318 0.638486 0.656945
88799 0.844061 0.2 0.662455 0.633826 0.662409
88849 0.843602 0.2 0.659747 0.633599 0.652011
88899 0.828642 0.2 0.665687 0.648735 0.656801
88949 0.8419 0.2 0.651609 0.627572 0.65274
88999 0.837351 0.2 0.641526 0.634923 0.659727
89049 0.830793 0.2 0.659552 0.636599 0.670559
89099 0.836133 0.2 0.666284 0.637899 0.648586
89149 0.85495 0.2 0.664456 0.637186 0.66476
89199 0.839658 0.2 0.654265 0.633294 0.655817
89249 0.844831 0.2 0.661516 0.634506 0.655992
89299 0.832045 0.2 0.662201 0.633185 0.656619
89349 0.842686 0.2 0.674492 0.635282 0.666968
89399 0.835098 0.2 0.667012 0.626326 0.655114
89449 0.848649 0.2 0.662402 0.635749 0.658225
89499 0.843419 0.2 0.66268 0.628329 0.662049
89549 0.846607 0.2 0.658322 0.629101 0.663625
89599 0.844466 0.2 0.657011 0.63752 0.651141
89649 0.844235 0.2 0.642268 0.62408 0.659159
89699 0.839818 0.2 0.660369 0.63767 0.664064
89749 0.857669 0.2 0.648078 0.628856 0.659101
89799 0.836376 0.2 0.661842 0.631642 0.659286
89849 0.836359 0.2 0.661347 0.627219 0.650859
89899 0.840273 0.2 0.666801 0.637552 0.66912
89949 0.849953 0.2 0.664233 0.628211 0.65275
89999 0.850772 0.2 0.662311 0.642824 0.658674
90049 0.839809 0.2 0.655455 0.635929 0.659165
90099 0.855388 0.2 0.64218 0.632349 0.659779
90149 0.841006 0.2 0.65864 0.631587 0.666328
90199 0.830856 0.2 0.659012 0.624295 0.659413
90249 0.842509 0.2 0.669047 0.639061 0.648842
90299 0.829445 0.2 0.65454 0.634387 0.658701
90349 0.839074 0.2 0.657743 0.626191 0.662664
90399 0.826872 0.2 0.678129 0.638612 0.653502
90449 0.85592 0.2 0.663144 0.647384 0.666102
90499 0.84251 0.2 0.649034 0.627706 0.657608
90549 0.844267 0.2 0.661503 0.63215 0.649546
90599 0.856497 0.2 0.663369 0.629392 0.658776
90649 0.842439 0.2 0.660572 0.632801 0.657349
90699 0.843286 0.2 0.659003 0.633422 0.659357
90749 0.846309 0.2 0.653658 0.618132 0.64251
90799 0.840946 0.2 0.658851 0.630922 0.667772
90849 0.849447 0.2 0.662123 0.622868 0.663006
90899 0.842234 0.2 0.666028 0.635828 0.657182
90949 0.83706 0.2 0.670248 0.632639 0.661339
90999 0.825392 0.2 0.661187 0.640897 0.664992
91049 0.833082 0.2 0.647921 0.640626 0.671879
91099 0.849334 0.2 0.653588 0.644837 0.655491
91149 0.846422 0.2 0.665754 0.624013 0.652246
91199 0.834398 0.2 0.66202 0.631986 0.646627
91249 0.841576 0.2 0.667687 0.634283 0.659561
91299 0.828545 0.2 0.669941 0.636768 0.657168
91349 0.828482 0.2 0.666668 0.647713 0.663131
91399 0.834229 0.2 0.661348 0.616744 0.653024
91449 0.846793 0.2 0.665989 0.63578 0.667986
91499 0.841913 0.2 0.673503 0.634979 0.66612
91549 0.834009 0.2 0.646101 0.62878 0.657258
91599 0.841017 0.2 0.670729 0.621294 0.6604
91649 0.841511 0.2 0.66353 0.641503 0.652592
91699 0.840413 0.2 0.660647 0.631835 0.660571
91749 0.827008 0.2 0.666313 0.639101 0.654403
91799 0.841072 0.2 0.667338 0.646446 0.666274
91849 0.847084 0.2 0.658011 0.631021 0.666047
91899 0.836774 0.2 0.658299 0.63934 0.664553
91949 0.846751 0.2 0.658391 0.641025 0.661301
91999 0.829055 0.2 0.661533 0.634973 0.656541
92049 0.83309 0.2 0.670435 0.629545 0.665969
92099 0.838062 0.2 0.656006 0.640951 0.651869
92149 0.835382 0.2 0.650728 0.631966 0.658885
92199 0.836749 0.2 0.6508 0.628345 0.660685
92249 0.841576 0.2 0.664156 0.632304 0.654791
92299 0.851247 0.2 0.655083 0.642815 0.657931
92349 0.83517 0.2 0.657244 0.6363 0.658817
92399 0.832521 0.2 0.656546 0.626381 0.66528
92449 0.838109 0.2 0.648343 0.638925 0.662556
92499 0.83195 0.2 0.654044 0.620912 0.650738
92549 0.833548 0.2 0.671141 0.637348 0.6634
92599 0.836798 0.2 0.665034 0.626826 0.661102
92649 0.843039 0.2 0.660174 0.630393 0.657619
92699 0.835423 0.2 0.668963 0.640587 0.651806
92749 0.853035 0.2 0.662013 0.641056 0.660382
92799 0.855957 0.2 0.65654 0.640225 0.654272
92849 0.834201 0.2 0.662818 0.63726 0.659838
92899 0.846611 0.2 0.65694 0.639965 0.661904
92949 0.842652 0.2 0.672092 0.627217 0.652951
92999 0.844379 0.2 0.655427 0.632465 0.654065
93049 0.837282 0.2 0.660262 0.634267 0.663337
93099 0.843054 0.2 0.655651 0.629283 0.647642
93149 0.843403 0.2 0.659734 0.645154 0.657863
93199 0.847424 0.2 0.66584 0.636209 0.658541
93249 0.84553 0.2 0.652002 0.623873 0.65381
93299 0.851191 0.2 0.673599 0.641824 0.651973
93349 0.850131 0.2 0.654279 0.648287 0.651154
93399 0.836013 0.2 0.650636 0.632725 0.658921
93449 0.837514 0.2 0.658246 0.638742 0.663031
93499 0.836108 0.2 0.664976 0.635217 0.652333
93549 0.840964 0.2 0.648911 0.630625 0.658
93599 0.842043 0.2 0.658628 0.635603 0.669627
93649 0.841981 0.2 0.658948 0.639547 0.665726
93699 0.845796 0.2 0.652854 0.620452 0.657755
93749 0.842698 0.2 0.662004 0.63315 0.648834
93799 0.840007 0.2 0.659312 0.627206 0.653467
93849 0.838937 0.2 0.662381 0.637743 0.65772
93899 0.856958 0.2 0.659806 0.62399 0.658498
93949 0.826187 0.2 0.655931 0.637701 0.66008
93999 0.848041 0.2 0.660645 0.624461 0.654669
94049 0.843712 0.2 0.65552 0.626688 0.659805
94099 0.833696 0.2 0.653173 0.640128 0.657458
94149 0.836376 0.2 0.654766 0.619614 0.663309
94199 0.84404 0.2 0.65414 0.631258 0.657462
94249 0.846717 0.2 0.670673 0.615319 0.656124
94299 0.84369 0.2 0.659865 0.622181 0.654807
94349 0.850032 0.2 0.653018 0.643378 0.658138
94399 0.845234 0.2 0.660167 0.639297 0.665087
94449 0.82773 0.2 0.666825 0.643423 0.670068
94499 0.850412 0.2 0.643877 0.639962 0.664241
94549 0.831782 0.2 0.656259 0.64137 0.654703
94599 0.836727 0.2 0.665139 0.643077 0.648663
94649 0.848121 0.2 0.661556 0.63245 0.663124
94699 0.837186 0.2 0.640941 0.631788 0.662253
94749 0.841354 0.2 0.671723 0.637722 0.655953
94799 0.84081 0.2 0.6554 0.642822 0.657257
94849 0.837827 0.2 0.656523 0.638716 0.674526
94899 0.852965 0.2 0.661096 0.64437 0.66607
94949 0.845097 0.2 0.653492 0.642658 0.656887
94999 0.845945 0.2 0.648759 0.637266 0.656447
95049 0.844373 0.2 0.655999 0.641073 0.658681
95099 0.837747 0.2 0.653795 0.633107 0.650473
95149 0.83779 0.2 0.650839 0.640765 0.671659
95199 0.843601 0.2 0.666603 0.619827 0.660116
95249 0.841627 0.2 0.673324 0.634431 0.661513
95299 0.839648 0.2 0.656366 0.6506 0.671327
95349 0.837808 0.2 0.647991 0.627133 0.673002
95399 0.846014 0.2 0.650356 0.639688 0.660369
95449 0.830175 0.2 0.662834 0.621324 0.663392
95499 0.834528 0.2 0.658659 0.620006 0.657896
95549 0.829823 0.2 0.647165 0.642175 0.659489
95599 0.841145 0.2 0.653938 0.64514 0.660706
95649 0.837283 0.2 0.664071 0.632346 0.664541
95699 0.838828 0.2 0.669433 0.633559 0.659997
95749 0.845219 0.2 0.660198 0.634695 0.655416
95799 0.846687 0.2 0.655016 0.638397 0.660461
95849 0.832148 0.2 0.668101 0.628038 0.645435
95899 0.836272 0.2 0.652869 0.632686 0.661464
95949 0.831402 0.2 0.66922 0.631621 0.670252
95999 0.835591 0.2 0.653258 0.637086 0.653164
96049 0.842588 0.2 0.648924 0.651142 0.648844
96099 0.836656 0.2 0.660276 0.628881 0.65904
96149 0.834169 0.2 0.657905 0.633578 0.655955
96199 0.833911 0.2 0.657136 0.637366 0.655483
96249 0.830073 0.2 0.653494 0.623287 0.669993
96299 0.839185 0.2 0.656108 0.620873 0.659476
96349 0.840812 0.2 0.65954 0.632653 0.665892
96399 0.833987 0.2 0.669091 0.636998 0.659729
96449 0.827791 0.2 0.668582 0.641193 0.656247
96499 0.839102 0.2 0.662417 0.636249 0.655575
96549 0.830127 0.2 0.667162 0.637929 0.662948
96599 0.820484 0.2 0.652707 0.626568 0.66734
96649 0.842646 0.2 0.655462 0.629844 0.654727
96699 0.850626 0.2 0.647906 0.62308 0.659843
96749 0.841774 0.2 0.65314 0.621585 0.650038
96799 0.836026 0.2 0.666985 0.633485 0.650028
96849 0.838993 0.2 0.664215 0.626177 0.656127
96899 0.830603 0.2 0.655179 0.634785 0.653606
96949 0.832433 0.2 0.65227 0.627437 0.660663
96999 0.826182 0.2 0.657202 0.637477 0.656894
97049 0.814911 0.2 0.664133 0.636483 0.658333
97099 0.823805 0.2 0.671186 0.625357 0.65399
97149 0.838453 0.2 0.657526 0.62873 0.650194
97199 0.837538 0.2 0.644981 0.633476 0.656283
97249 0.830313 0.2 0.663525 0.633743 0.654244
97299 0.825651 0.2 0.656971 0.631473 0.651404
97349 0.831267 0.2 0.66466 0.637036 0.653133
97399 0.82386 0.2 0.644786 0.632457 0.654461
97449 0.8353 0.2 0.657521 0.631221 0.655243
97499 0.837284 0.2 0.658864 0.632037 0.658615
97549 0.842498 0.2 0.661089 0.627633 0.654396
97599 0.827677 0.2 0.663637 0.624286 0.6581
97649 0.820705 0.2 0.648501 0.63364 0.663407
97699 0.831712 0.2 0.646475 0.643448 0.652207
97749 0.841759 0.2 0.661336 0.636842 0.654021
97799 0.836678 0.2 0.65325 0.628805 0.658291
97849 0.847625 0.2 0.655203 0.643486 0.651517
97899 0.824887 0.2 0.662408 0.619295 0.657113
97949 0.825626 0.2 0.6547 0.633296 0.663288
97999 0.833891 0.2 0.642919 0.623938 0.65373
98049 0.824884 0.2 0.670226 0.635306 0.65515
98099 0.833581 0.2 0.66026 0.627669 0.65434
98149 0.830162 0.2 0.646687 0.639044 0.657547
98199 0.825101 0.2 0.665904 0.627041 0.660956
98249 0.837836 0.2 0.669068 0.637733 0.637217
98299 0.831812 0.2 0.662868 0.640408 0.660582
98349 0.845539 0.2 0.654502 0.646603 0.661296
98399 0.827441 0.2 0.654792 0.639477 0.658676
98449 0.844805 0.2 0.674879 0.62048 0.647936
98499 0.826194 0.2 0.665207 0.633405 0.661736
98549 0.829998 0.2 0.659184 0.63468 0.658348
98599 0.81912 0.2 0.660821 0.63612 0.662125
98649 0.837645 0.2 0.657185 0.633598 0.666184
98699 0.843021 0.2 0.650115 0.634776 0.662457
98749 0.832304 0.2 0.653415 0.635654 0.662913
98799 0.818123 0.2 0.659202 0.632767 0.649546
98849 0.83396 0.2 0.66047 0.635216 0.660525
98899 0.838553 0.2 0.655642 0.641888 0.656385
98949 0.833209 0.2 0.652272 0.638413 0.656125
98999 0.829205 0.2 0.652616 0.630994 0.656692
99049 0.840875 0.2 0.65877 0.629521 0.652019
99099 0.835836 0.2 0.653454 0.636218 0.659737
99149 0.833337 0.2 0.646504 0.629607 0.642967
99199 0.836049 0.2 0.658836 0.637441 0.65735
99249 0.81606 0.2 0.670111 0.649962 0.658292
99299 0.839998 0.2 0.660245 0.62564 0.660064
99349 0.836794 0.2 0.659187 0.636565 0.655635
99399 0.822959 0.2 0.651678 0.647191 0.670745
99449 0.838929 0.2 0.665275 0.631815 0.650635
99499 0.830997 0.2 0.644527 0.621252 0.652914
99549 0.837914 0.2 0.65407 0.634174 0.664016
99599 0.842064 0.2 0.661096 0.63825 0.65555
99649 0.836944 0.2 0.674142 0.620365 0.659068
99699 0.834095 0.2 0.651933 0.631239 0.66386
99749 0.844772 0.2 0.668233 0.638303 0.660248
99799 0.832877 0.2 0.650893 0.640758 0.657791
99849 0.836722 0.2 0.657365 0.626347 0.658484
99899 0.824857 0.2 0.654847 0.624868 0.656898
99949 0.839017 0.2 0.657129 0.62792 0.665313
99999 0.84939 0.2 0.656547 0.629333 0.659876
