49 1.3835 1
99 1.3654 1
149 1.27916 1
199 1.06716 1
249 0.898075 1
299 0.842784 1
349 0.821855 1
399 0.805002 1
449 0.790759 1
499 0.777374 1
549 0.769751 1
599 0.763246 1
649 0.758533 1
699 0.750551 1
749 0.746115 1
799 0.735584 1
849 0.735192 1
899 0.731949 1
949 0.724282 1
999 0.724215 1
1049 0.722286 1
1099 0.717194 1
1149 0.716039 1
1199 0.713419 1
1249 0.712823 1
1299 0.707149 1
1349 0.708501 1
1399 0.705979 1
1449 0.703027 1
1499 0.70249 1
1549 0.701798 1
1599 0.695534 1
1649 0.69556 1
1699 0.696269 1
1749 0.695914 1
1799 0.694691 1
1849 0.693839 1
1899 0.695351 1
1949 0.690226 1
1999 0.692989 1
2049 0.688481 1
2099 0.689216 1
2149 0.688207 1
2199 0.688639 1
2249 0.685854 1
2299 0.687744 1
2349 0.682689 1
2399 0.681521 1
2449 0.685677 1
2499 0.683036 1
2549 0.680603 1
2599 0.683302 1
2649 0.6831 1
2699 0.679636 1
2749 0.681276 1
2799 0.679197 1
2849 0.683272 1
2899 0.679906 1
2949 0.678133 1
2999 0.678199 1
3049 0.675458 1
3099 0.677452 1
3149 0.676094 1
3199 0.671883 1
3249 0.6756 1
3299 0.673381 1
3349 0.672706 1
3399 0.674726 1
3449 0.668592 1
3499 0.671164 1
3549 0.669716 1
3599 0.671381 1
3649 0.670161 1
3699 0.66857 1
3749 0.670754 1
3799 0.671302 1
3849 0.668948 1
3899 0.66549 1
3949 0.672084 1
3999 0.667265 1
4049 0.66696 1
4099 0.663426 1
4149 0.671104 1
4199 0.663317 1
4249 0.667967 1
4299 0.667019 1
4349 0.668075 1
4399 0.667159 1
4449 0.664677 1
4499 0.666196 1
4549 0.665014 1
4599 0.667888 1
4649 0.6678 1
4699 0.660331 1
4749 0.666376 1
4799 0.660846 1
4849 0.660373 1
4899 0.66201 1
4949 0.660705 1
4999 0.662448 1
5049 0.660969 1
5099 0.665651 1
5149 0.661737 1
5199 0.660414 1
5249 0.661235 1
5299 0.665466 1
5349 0.658104 1
5399 0.661996 1
5449 0.661386 1
5499 0.658109 1
5549 0.659415 1
5599 0.659104 1
5649 0.65523 1
5699 0.65852 1
5749 0.655412 1
5799 0.657068 1
5849 0.659645 1
5899 0.659839 1
5949 0.65743 1
5999 0.654583 1
6049 0.657806 1
6099 0.657562 1
6149 0.656706 1
6199 0.657607 1
6249 0.65619 1
6299 0.657329 1
6349 0.658308 1
6399 0.65778 1
6449 0.658383 1
6499 0.653372 1
6549 0.658806 1
6599 0.651928 1
6649 0.653269 1
6699 0.655763 1
6749 0.655785 1
6799 0.647144 1
6849 0.653508 1
6899 0.65422 1
6949 0.650894 1
6999 0.655273 1
7049 0.649727 1
7099 0.650728 1
7149 0.653561 1
7199 0.652764 1
7249 0.650775 1
7299 0.653088 1
7349 0.647068 1
7399 0.652807 1
7449 0.64757 1
7499 0.650957 1
7549 0.648502 1
7599 0.654449 1
7649 0.648264 1
7699 0.646913 1
7749 0.648635 1
7799 0.651738 1
7849 0.648419 1
7899 0.650118 1
7949 0.645534 1
7999 0.648243 1
8049 0.647857 1
8099 0.648609 1
8149 0.649413 1
8199 0.644465 1
8249 0.649418 1
8299 0.646284 1
8349 0.64704 1
8399 0.649541 1
8449 0.648771 1
8499 0.646956 1
8549 0.647063 1
8599 0.646681 1
8649 0.645717 1
8699 0.644463 1
8749 0.646432 1
8799 0.64415 1
8849 0.647798 1
8899 0.646965 1
8949 0.647449 1
8999 0.645338 1
9049 0.646842 1
9099 0.64484 1
9149 0.646827 1
9199 0.642408 1
9249 0.642403 1
9299 0.648033 1
9349 0.643191 1
9399 0.643685 1
9449 0.64229 1
9499 0.645935 1
9549 0.642874 1
9599 0.642139 1
9649 0.643667 1
9699 0.645285 1
9749 0.642422 1
9799 0.642178 1
9849 0.638799 1
9899 0.640746 1
9949 0.640442 1
9999 0.642483 1
10049 0.642651 1
10099 0.643273 1
10149 0.646314 1
10199 0.640843 1
10249 0.639187 1
10299 0.642798 1
10349 0.640794 1
10399 0.639403 1
10449 0.641958 1
10499 0.64167 1
10549 0.63796 1
10599 0.641701 1
10649 0.641723 1
10699 0.639337 1
10749 0.638384 1
10799 0.640402 1
10849 0.641985 1
10899 0.644807 1
10949 0.640501 1
10999 0.636272 1
11049 0.641723 1
11099 0.637127 1
11149 0.641172 1
11199 0.645551 1
11249 0.641008 1
11299 0.637812 1
11349 0.641369 1
11399 0.636894 1
11449 0.639245 1
11499 0.639927 1
11549 0.639077 1
11599 0.637092 1
11649 0.640697 1
11699 0.636654 1
11749 0.638793 1
11799 0.638852 1
11849 0.638647 1
11899 0.638767 1
11949 0.635336 1
11999 0.637087 1
12049 0.637712 1
12099 0.634674 1
12149 0.636928 1
12199 0.63879 1
12249 0.639218 1
12299 0.63734 1
12349 0.634867 1
12399 0.636149 1
12449 0.638241 1
12499 0.636348 1
12549 0.636353 1
12599 0.636916 1
12649 0.637261 1
12699 0.635647 1
12749 0.634806 1
12799 0.63399 1
12849 0.632692 1
12899 0.634496 1
12949 0.634549 1
12999 0.637761 1
13049 0.638821 1
13099 0.634216 1
13149 0.63621 1
13199 0.638743 1
13249 0.638356 1
13299 0.633365 1
13349 0.631716 1
13399 0.63412 1
13449 0.635171 1
13499 0.638568 1
13549 0.634052 1
13599 0.631849 1
13649 0.634168 1
13699 0.637905 1
13749 0.633472 1
13799 0.634292 1
13849 0.633243 1
13899 0.634176 1
13949 0.63591 1
13999 0.635844 1
14049 0.634443 1
14099 0.631283 1
14149 0.63232 1
14199 0.634237 1
14249 0.634615 1
14299 0.634767 1
14349 0.636161 1
14399 0.639341 1
14449 0.634569 1
14499 0.633948 1
14549 0.629968 1
14599 0.634436 1
14649 0.631588 1
14699 0.633942 1
14749 0.6287 1
14799 0.629859 1
14849 0.633048 1
14899 0.630315 1
14949 0.635644 1
14999 0.634636 1
15049 0.630121 1
15099 0.633641 1
15149 0.632733 1
15199 0.632655 1
15249 0.631306 1
15299 0.636557 1
15349 0.634877 1
15399 0.633504 1
15449 0.630619 1
15499 0.632604 1
15549 0.629837 1
15599 0.632226 1
15649 0.629562 1
15699 0.634071 1
15749 0.629718 1
15799 0.633443 1
15849 0.628905 1
15899 0.634551 1
15949 0.634615 1
15999 0.629543 1
16049 0.62847 1
16099 0.631488 1
16149 0.632321 1
16199 0.629548 1
16249 0.629288 1
16299 0.62849 1
16349 0.633095 1
16399 0.628616 1
16449 0.631223 1
16499 0.631587 1
16549 0.632583 1
16599 0.627199 1
16649 0.630674 1
16699 0.632532 1
16749 0.629257 1
16799 0.62696 1
16849 0.62753 1
16899 0.625513 1
16949 0.629718 1
16999 0.63345 1
17049 0.62873 1
17099 0.632239 1
17149 0.62873 1
17199 0.630198 1
17249 0.629027 1
17299 0.629447 1
17349 0.63055 1
17399 0.630831 1
17449 0.628202 1
17499 0.62455 1
17549 0.626539 1
17599 0.630053 1
17649 0.627508 1
17699 0.627627 1
17749 0.629489 1
17799 0.628617 1
17849 0.628823 1
17899 0.629438 1
17949 0.628467 1
17999 0.625742 1
18049 0.625643 1
18099 0.624598 1
18149 0.632057 1
18199 0.631284 1
18249 0.629881 1
18299 0.623429 1
18349 0.630557 1
18399 0.628938 1
18449 0.626503 1
18499 0.625343 1
18549 0.627191 1
18599 0.631699 1
18649 0.629553 1
18699 0.627031 1
18749 0.622409 1
18799 0.629561 1
18849 0.629541 1
18899 0.628524 1
18949 0.627988 1
18999 0.62682 1
19049 0.625936 1
19099 0.625102 1
19149 0.627858 1
19199 0.626226 1
19249 0.628971 1
19299 0.625265 1
19349 0.625178 1
19399 0.62265 1
19449 0.624819 1
19499 0.628786 1
19549 0.627089 1
19599 0.626789 1
19649 0.630322 1
19699 0.626832 1
19749 0.625996 1
19799 0.627431 1
19849 0.625469 1
19899 0.631401 1
19949 0.622618 1
19999 0.626868 1
20049 0.627019 1
20099 0.629345 1
20149 0.621963 1
20199 0.624792 1
20249 0.621603 1
20299 0.623088 1
20349 0.622757 1
20399 0.625335 1
20449 0.622965 1
20499 0.625849 1
20549 0.626374 1
20599 0.622931 1
20649 0.623542 1
20699 0.627215 1
20749 0.628026 1
20799 0.622973 1
20849 0.620962 1
20899 0.624922 1
20949 0.626078 1
20999 0.627999 1
21049 0.626201 1
21099 0.62015 1
21149 0.62376 1
21199 0.624349 1
21249 0.628533 1
21299 0.621437 1
21349 0.6233 1
21399 0.622965 1
21449 0.622695 1
21499 0.625259 1
21549 0.623119 1
21599 0.620627 1
21649 0.620574 1
21699 0.621645 1
21749 0.62384 1
21799 0.619503 1
21849 0.620977 1
21899 0.627241 1
21949 0.625423 1
21999 0.62266 1
22049 0.621591 1
22099 0.622643 1
22149 0.622663 1
22199 0.62062 1
22249 0.622345 1
22299 0.625578 1
22349 0.621582 1
22399 0.622603 1
22449 0.623378 1
22499 0.619384 1
22549 0.624774 1
22599 0.621744 1
22649 0.625284 1
22699 0.620154 1
22749 0.624146 1
22799 0.620173 1
22849 0.619095 1
22899 0.624952 1
22949 0.625526 1
22999 0.617354 1
23049 0.621766 1
23099 0.622681 1
23149 0.622303 1
23199 0.621162 1
23249 0.618472 1
23299 0.623246 1
23349 0.621286 1
23399 0.622219 1
23449 0.621299 1
23499 0.621792 1
23549 0.619831 1
23599 0.62322 1
23649 0.623345 1
23699 0.623459 1
23749 0.621302 1
23799 0.618751 1
23849 0.620773 1
23899 0.622165 1
23949 0.620073 1
23999 0.62068 1
24049 0.621659 1
24099 0.621508 1
24149 0.622873 1
24199 0.624001 1
24249 0.623922 1
24299 0.620573 1
24349 0.62183 1
24399 0.623118 1
24449 0.619091 1
24499 0.620285 1
24549 0.620779 1
24599 0.617593 1
24649 0.622135 1
24699 0.622171 1
24749 0.623095 1
24799 0.618611 1
24849 0.620072 1
24899 0.617927 1
24949 0.623692 1
24999 0.621249 1
25049 0.61877 1
25099 0.618387 1
25149 0.623064 1
25199 0.620606 1
25249 0.622207 1
25299 0.624443 1
25349 0.62055 1
25399 0.618903 1
25449 0.623953 1
25499 0.619314 1
25549 0.616535 1
25599 0.61957 1
25649 0.620392 1
25699 0.619088 1
25749 0.62202 1
25799 0.618822 1
25849 0.620389 1
25899 0.620067 1
25949 0.620164 1
25999 0.616125 1
26049 0.621666 1
26099 0.616756 1
26149 0.622722 1
26199 0.620562 1
26249 0.615141 1
26299 0.621307 1
26349 0.619379 1
26399 0.614863 1
26449 0.619043 1
26499 0.620826 1
26549 0.619983 1
26599 0.619757 1
26649 0.61941 1
26699 0.615815 1
26749 0.617949 1
26799 0.618347 1
26849 0.617539 1
26899 0.61731 1
26949 0.619534 1
26999 0.61717 1
27049 0.615363 1
27099 0.618543 1
27149 0.617632 1
27199 0.619677 1
27249 0.615479 1
27299 0.614855 1
27349 0.618864 1
27399 0.618719 1
27449 0.618372 1
27499 0.618609 1
27549 0.622728 1
27599 0.62059 1
27649 0.620535 1
27699 0.619689 1
27749 0.613099 1
27799 0.61767 1
27849 0.617305 1
27899 0.617324 1
27949 0.617508 1
27999 0.615129 1
28049 0.613772 1
28099 0.618666 1
28149 0.615244 1
28199 0.61715 1
28249 0.614532 1
28299 0.616619 1
28349 0.614579 1
28399 0.61297 1
28449 0.61622 1
28499 0.617253 1
28549 0.616924 1
28599 0.618186 1
28649 0.612555 1
28699 0.615909 1
28749 0.615313 1
28799 0.61684 1
28849 0.62049 1
28899 0.615357 1
28949 0.616366 1
28999 0.61886 1
29049 0.617826 1
29099 0.613775 1
29149 0.614953 1
29199 0.616338 1
29249 0.617549 1
29299 0.615834 1
29349 0.61897 1
29399 0.613274 1
29449 0.617955 1
29499 0.615651 1
29549 0.6173 1
29599 0.616414 1
29649 0.611494 1
29699 0.616461 1
29749 0.616178 1
29799 0.614352 1
29849 0.613962 1
29899 0.613133 1
29949 0.618047 1
29999 0.611911 1
30049 0.61679 1
30099 0.612734 1
30149 0.615138 1
30199 0.614887 1
30249 0.619261 1
30299 0.615611 1
30349 0.616755 1
30399 0.619693 1
30449 0.615476 1
30499 0.613639 1
30549 0.613412 1
30599 0.615185 1
30649 0.613957 1
30699 0.611918 1
30749 0.614539 1
30799 0.611123 1
30849 0.611224 1
30899 0.614103 1
30949 0.61631 1
30999 0.616 1
31049 0.613888 1
31099 0.612688 1
31149 0.616255 1
31199 0.616121 1
31249 0.613062 1
31299 0.616215 1
31349 0.614964 1
31399 0.614165 1
31449 0.611402 1
31499 0.610602 1
31549 0.615687 1
31599 0.61358 1
31649 0.613457 1
31699 0.614721 1
31749 0.613103 1
31799 0.612151 1
31849 0.614945 1
31899 0.609521 1
31949 0.613485 1
31999 0.611714 1
32049 0.615631 1
32099 0.614374 1
32149 0.614055 1
32199 0.61106 1
32249 0.615114 1
32299 0.612793 1
32349 0.612354 1
32399 0.609616 1
32449 0.610542 1
32499 0.610858 1
32549 0.613243 1
32599 0.611319 1
32649 0.61386 1
32699 0.615041 1
32749 0.611687 1
32799 0.613153 1
32849 0.613505 1
32899 0.612545 1
32949 0.611618 1
32999 0.613342 1
33049 0.6085 1
33099 0.609762 1
33149 0.613342 1
33199 0.609436 1
33249 0.610012 1
33299 0.610232 1
33349 0.610717 1
33399 0.611867 1
33449 0.608565 1
33499 0.610704 1
33549 0.609574 1
33599 0.61497 1
33649 0.611609 1
33699 0.612463 1
33749 0.611978 1
33799 0.608761 1
33849 0.611945 1
33899 0.614785 1
33949 0.612255 1
33999 0.605088 1
34049 0.609797 1
34099 0.613402 1
34149 0.612874 1
34199 0.611038 1
34249 0.610025 1
34299 0.609819 1
34349 0.609227 1
34399 0.609985 1
34449 0.611577 1
34499 0.61236 1
34549 0.614052 1
34599 0.610495 1
34649 0.606097 1
34699 0.610345 1
34749 0.607137 1
34799 0.609135 1
34849 0.612098 1
34899 0.613135 1
34949 0.611761 1
34999 0.610385 1
35049 0.610251 1
35099 0.613396 1
35149 0.609213 1
35199 0.610567 1
35249 0.610363 1
35299 0.609358 1
35349 0.610848 1
35399 0.608695 1
35449 0.608275 1
35499 0.607192 1
35549 0.610387 1
35599 0.612257 1
35649 0.606682 1
35699 0.610229 1
35749 0.612229 1
35799 0.611705 1
35849 0.60993 1
35899 0.607506 1
35949 0.604757 1
35999 0.608895 1
36049 0.610579 1
36099 0.611773 1
36149 0.612772 1
36199 0.610259 1
36249 0.609076 1
36299 0.610613 1
36349 0.606218 1
36399 0.607073 1
36449 0.608352 1
36499 0.613757 1
36549 0.613004 1
36599 0.610224 1
36649 0.610007 1
36699 0.608684 1
36749 0.611321 1
36799 0.608555 1
36849 0.61029 1
36899 0.611946 1
36949 0.606616 1
36999 0.603705 1
37049 0.607314 1
37099 0.608633 1
37149 0.607845 1
37199 0.607077 1
37249 0.61113 1
37299 0.605728 1
37349 0.614082 1
37399 0.604486 1
37449 0.606729 1
37499 0.60939 1
37549 0.60368 1
37599 0.609206 1
37649 0.606803 1
37699 0.609691 1
37749 0.603357 1
37799 0.605825 1
37849 0.609864 1
37899 0.607019 1
37949 0.607433 1
37999 0.60769 1
38049 0.607036 1
38099 0.605916 1
38149 0.607784 1
38199 0.607969 1
38249 0.606034 1
38299 0.609885 1
38349 0.604071 1
38399 0.602679 1
38449 0.605338 1
38499 0.607941 1
38549 0.608051 1
38599 0.606186 1
38649 0.605152 1
38699 0.60688 1
38749 0.607166 1
38799 0.605876 1
38849 0.604394 1
38899 0.603765 1
38949 0.605302 1
38999 0.606054 1
39049 0.605981 1
39099 0.610889 1
39149 0.604407 1
39199 0.607696 1
39249 0.604224 1
39299 0.607629 1
39349 0.605055 1
39399 0.604709 1
39449 0.60429 1
39499 0.604301 1
39549 0.603411 1
39599 0.60788 1
39649 0.604592 1
39699 0.605966 1
39749 0.60627 1
39799 0.605602 1
39849 0.602853 1
39899 0.602376 1
39949 0.599885 1
39999 0.602588 1
