49 1.98757 0.0125 0.32114 0.509449 0.586992
99 1.99387 0.0125 0.314036 0.50939 0.603522
149 1.99471 0.0125 0.337423 0.513198 0.582669
199 1.99793 0.0125 0.319485 0.504188 0.614161
249 1.99165 0.0125 0.330099 0.505199 0.599255
299 1.99597 0.0125 0.334531 0.511939 0.601182
349 1.98992 0.0125 0.315447 0.506068 0.601266
399 1.9924 0.0125 0.32106 0.511252 0.584439
449 1.98215 0.0125 0.325449 0.514195 0.588314
499 1.99127 0.0125 0.314042 0.508425 0.609198
549 1.99376 0.0125 0.322231 0.503419 0.613392
599 1.98217 0.0125 0.347268 0.511425 0.605128
649 1.98831 0.0125 0.390008 0.525926 0.584318
699 1.98433 0.0125 0.39716 0.527187 0.615828
749 2.00469 0.0125 0.47361 0.552435 0.594524
799 1.99815 0.0125 0.54488 0.568948 0.598802
849 1.97842 0.0125 0.617591 0.598286 0.568342
899 1.95584 0.0125 0.670209 0.610421 0.615932
949 1.79092 0.0125 0.673078 0.602993 0.60083
999 1.59926 0.0125 0.673047 0.608535 0.581235
1049 1.47086 0.0125 0.679601 0.607582 0.568206
1099 1.38409 0.0125 0.64559 0.605003 0.569479
1149 1.31772 0.0125 0.660631 0.593705 0.532096
1199 1.24069 0.0125 0.636854 0.593204 0.544249
1249 1.15767 0.0125 0.636289 0.59899 0.560989
1299 1.10586 0.0125 0.651281 0.601072 0.529092
1349 1.04819 0.0125 0.641123 0.601023 0.552638
1399 0.996169 0.0125 0.63098 0.597609 0.538503
1449 0.946322 0.0125 0.639324 0.603636 0.518067
1499 0.89734 0.0125 0.627116 0.598558 0.54577
1549 0.871512 0.0125 0.634999 0.589619 0.541735
1599 0.846226 0.0125 0.654721 0.604153 0.530474
1649 0.80019 0.0125 0.648185 0.597972 0.533503
1699 0.797113 0.0125 0.615961 0.600129 0.538669
1749 0.762637 0.0125 0.629241 0.584333 0.541264
1799 0.736833 0.0125 0.631153 0.588132 0.536964
1849 0.710055 0.0125 0.625392 0.601607 0.537814
1899 0.694332 0.0125 0.625837 0.601142 0.545001
1949 0.64942 0.025 0.634128 0.603406 0.542798
1999 0.815507 0.05 0.636987 0.597813 0.538004
2049 0.770314 0.05 0.637165 0.610803 0.556603
2099 0.740261 0.05 0.63422 0.606479 0.537279
2149 0.723495 0.05 0.648476 0.599523 0.55356
2199 0.688863 0.05 0.639093 0.598566 0.544539
2249 1.3129 0.1 0.648074 0.61703 0.560615
2299 1.22982 0.1 0.640742 0.610982 0.581748
2349 1.18734 0.1 0.657761 0.613299 0.598817
2399 1.187 0.1 0.659044 0.611978 0.601122
2449 1.14988 0.1 0.647604 0.610495 0.584518
2499 1.13611 0.1 0.649377 0.615346 0.59911
2549 1.11205 0.1 0.660707 0.60649 0.606634
2599 1.11453 0.1 0.662288 0.607716 0.611469
2649 1.09952 0.1 0.64026 0.607887 0.603111
2699 1.09274 0.1 0.650083 0.625275 0.611272
2749 1.04753 0.1 0.662555 0.611698 0.600458
2799 1.05516 0.1 0.63872 0.619878 0.607617
2849 1.05584 0.1 0.647485 0.616156 0.609301
2899 1.02945 0.1 0.648566 0.612071 0.617073
2949 1.00846 0.1 0.653927 0.611415 0.621132
2999 1.02078 0.1 0.661286 0.606128 0.611118
3049 1.0005 0.1 0.655624 0.619957 0.616289
3099 0.980482 0.1 0.644961 0.618259 0.620852
3149 0.981619 0.1 0.643824 0.604478 0.62514
3199 0.958383 0.1 0.664117 0.623797 0.620388
3249 0.955764 0.1 0.651436 0.613774 0.627528
3299 0.948914 0.1 0.660871 0.600984 0.611076
3349 0.926534 0.1 0.662604 0.612593 0.619893
3399 0.939708 0.1 0.658608 0.614477 0.614707
3449 0.911916 0.1 0.649311 0.598136 0.615055
3499 0.910831 0.1 0.638117 0.617637 0.624341
3549 0.903428 0.1 0.643888 0.618761 0.616171
3599 0.885586 0.1 0.658144 0.612896 0.628448
3649 0.880203 0.1 0.662301 0.612539 0.628714
3699 0.868921 0.1 0.661374 0.609782 0.630437
3749 0.858392 0.1 0.661279 0.617904 0.642148
3799 0.840416 0.1 0.656473 0.610325 0.629553
3849 0.848575 0.1 0.654766 0.62026 0.626722
3899 0.829268 0.1 0.661451 0.618113 0.628213
3949 0.826551 0.1 0.66129 0.609429 0.633792
3999 0.808871 0.1 0.649107 0.619875 0.630906
4049 0.813384 0.1 0.658623 0.604966 0.629701
4099 0.802359 0.1 0.641439 0.622962 0.637913
4149 0.782984 0.1 0.65364 0.610425 0.633765
4199 0.782113 0.1 0.649374 0.621695 0.627513
4249 0.786802 0.1 0.658363 0.609657 0.623291
4299 0.771427 0.1 0.658243 0.626145 0.637198
4349 0.763781 0.1 0.649233 0.60374 0.638645
4399 0.759293 0.1 0.656562 0.608839 0.629889
4449 0.75096 0.1 0.656511 0.613858 0.643501
4499 0.748122 0.1 0.645967 0.617512 0.634856
4549 0.739172 0.1 0.656416 0.612966 0.638486
4599 0.727038 0.1 0.646364 0.625879 0.635805
4649 0.71685 0.1 0.661554 0.609394 0.629049
4699 0.6989 0.1 0.648007 0.62039 0.628079
4749 0.702616 0.1 0.663869 0.604611 0.637893
4799 0.697504 0.1 0.657707 0.604421 0.632782
4849 0.685797 0.1 0.649842 0.619448 0.638656
4899 0.689388 0.1 0.652575 0.615223 0.643994
4949 0.681014 0.1 0.666484 0.62074 0.641149
4999 0.679861 0.1 0.673899 0.613376 0.642124
5049 0.665117 0.1 0.653267 0.611823 0.644993
5099 0.65636 0.1 0.652737 0.621024 0.636744
5149 0.647015 0.1 0.662563 0.625867 0.643046
5199 0.654607 0.1 0.65584 0.619046 0.633738
5249 0.659745 0.1 0.660814 0.61269 0.640581
5299 0.6418 0.1 0.664201 0.620289 0.644933
5349 0.628197 0.1 0.655682 0.60628 0.643683
5399 0.642665 0.1 0.661928 0.62692 0.638932
5449 0.627877 0.1 0.660203 0.606389 0.643872
5499 0.623314 0.1 0.653288 0.632087 0.641459
5549 0.629026 0.1 0.669513 0.61285 0.640421
5599 0.604721 0.1 0.658442 0.611139 0.64893
5649 0.621579 0.1 0.660141 0.619012 0.631748
5699 0.615241 0.1 0.647265 0.628387 0.642036
5749 0.606954 0.1 0.662305 0.615624 0.642088
5799 0.588476 0.1 0.659586 0.6132 0.649042
5849 0.590212 0.1 0.657308 0.608242 0.642781
5899 0.58239 0.1 0.649385 0.620414 0.648246
5949 0.605204 0.1 0.651675 0.62569 0.644452
5999 0.586081 0.1 0.65732 0.626495 0.638634
6049 0.577372 0.1 0.655202 0.616821 0.640035
6099 0.563981 0.1 0.661723 0.606998 0.644859
6149 0.578877 0.1 0.649921 0.606651 0.651823
6199 0.579687 0.1 0.660483 0.618418 0.633899
6249 0.561388 0.1 0.646771 0.609829 0.635574
6299 0.564993 0.1 0.649655 0.608691 0.645862
6349 0.560084 0.1 0.654078 0.625681 0.640059
6399 0.543691 0.1 0.647236 0.614042 0.638811
6449 0.569331 0.1 0.657883 0.611644 0.63887
6499 0.564088 0.1 0.653707 0.599175 0.645305
6549 0.557031 0.1 0.656104 0.610431 0.646721
6599 0.532614 0.1 0.653815 0.629532 0.637374
6649 0.529954 0.1 0.641822 0.613868 0.645737
6699 0.534577 0.1 0.656456 0.617614 0.642799
6749 0.539081 0.1 0.660349 0.614886 0.641964
6799 0.534831 0.1 0.650274 0.620872 0.642543
6849 0.522335 0.1 0.667481 0.622546 0.648389
6899 0.539566 0.1 0.657254 0.615006 0.649376
6949 0.522121 0.1 0.662361 0.617158 0.642928
6999 0.528694 0.1 0.658118 0.620624 0.642142
7049 0.509123 0.1 0.645421 0.614576 0.645974
7099 0.532083 0.1 0.64921 0.626399 0.649162
7149 0.507273 0.1 0.663415 0.612923 0.651151
7199 0.512779 0.1 0.645908 0.607777 0.647812
7249 0.509969 0.1 0.652728 0.617108 0.646686
7299 0.505561 0.1 0.65392 0.614014 0.644791
7349 0.493811 0.1 0.661556 0.623785 0.646249
7399 0.502076 0.1 0.651264 0.614804 0.645999
7449 0.499844 0.1 0.653978 0.625236 0.648896
7499 0.499681 0.1 0.64487 0.61856 0.652315
7549 0.494526 0.1 0.640054 0.619456 0.643663
7599 0.498557 0.1 0.662123 0.614251 0.642914
7649 0.489993 0.1 0.651814 0.628047 0.640553
7699 0.483082 0.1 0.645076 0.626111 0.633833
7749 0.48281 0.1 0.661756 0.619369 0.64577
7799 0.489196 0.1 0.660124 0.624989 0.639217
7849 0.474639 0.1 0.651329 0.610604 0.654042
7899 0.48599 0.1 0.658156 0.616934 0.654566
7949 0.478909 0.1 0.654133 0.612642 0.638811
7999 0.472003 0.1 0.656288 0.624972 0.645533
8049 0.466555 0.1 0.644244 0.617356 0.639272
8099 0.463335 0.1 0.654698 0.622364 0.647944
8149 0.471053 0.1 0.665616 0.616658 0.636199
8199 0.460913 0.1 0.660688 0.622964 0.639207
8249 0.465595 0.1 0.663822 0.609542 0.64398
8299 0.461318 0.1 0.662174 0.618751 0.634941
8349 0.461495 0.1 0.655632 0.622556 0.645236
8399 0.456915 0.1 0.653628 0.610299 0.649479
8449 0.449168 0.1 0.664272 0.620515 0.645625
8499 0.465745 0.1 0.650474 0.624602 0.641884
8549 0.457418 0.1 0.650347 0.622694 0.651814
8599 0.459964 0.1 0.639927 0.619102 0.651631
8649 0.461401 0.1 0.659473 0.634538 0.648942
8699 0.446747 0.1 0.651132 0.627271 0.638917
8749 0.452035 0.1 0.655429 0.611626 0.648595
8799 0.440929 0.1 0.657251 0.608762 0.64742
8849 0.450674 0.1 0.669167 0.61168 0.64251
8899 0.430781 0.1 0.659115 0.620571 0.64135
8949 0.439703 0.1 0.652092 0.6151 0.635487
8999 0.447491 0.1 0.654112 0.623019 0.644846
9049 0.447276 0.1 0.658668 0.618075 0.649217
9099 0.436889 0.1 0.645012 0.62382 0.649414
9149 0.433392 0.1 0.664369 0.618394 0.649498
9199 0.439672 0.1 0.66108 0.618752 0.637659
9249 0.42892 0.1 0.651449 0.625305 0.642094
9299 0.426688 0.1 0.649414 0.62536 0.654895
9349 0.428172 0.1 0.652604 0.627413 0.644823
9399 0.435281 0.1 0.655572 0.623743 0.651761
9449 0.428047 0.1 0.649498 0.624048 0.643969
9499 0.424642 0.1 0.637557 0.618777 0.646758
9549 0.42801 0.1 0.648389 0.608957 0.646835
9599 0.420349 0.1 0.654004 0.618989 0.652315
9649 0.428387 0.1 0.63862 0.614541 0.646848
9699 0.422175 0.1 0.657897 0.625141 0.645677
9749 0.414246 0.1 0.653905 0.618011 0.643162
9799 0.415076 0.1 0.6525 0.613818 0.64942
9849 0.418063 0.1 0.653942 0.615401 0.643483
9899 0.41023 0.1 0.651587 0.634177 0.650114
9949 0.421018 0.1 0.660314 0.619734 0.6533
9999 0.41651 0.1 0.654983 0.611149 0.643345
10049 0.417138 0.1 0.653395 0.616527 0.640019
10099 0.410204 0.1 0.656603 0.62118 0.646153
10149 0.407221 0.1 0.655564 0.622177 0.641606
10199 0.414898 0.1 0.644271 0.622908 0.640108
10249 0.40604 0.1 0.644544 0.626346 0.654955
10299 0.406512 0.1 0.647673 0.614817 0.647123
10349 0.402199 0.1 0.653309 0.623811 0.644031
10399 0.410037 0.1 0.653378 0.615428 0.64465
10449 0.417679 0.1 0.648991 0.617615 0.648089
10499 0.38872 0.1 0.642432 0.622768 0.648281
10549 0.394356 0.1 0.647494 0.624688 0.644661
10599 0.401283 0.1 0.654102 0.626888 0.646707
10649 0.400294 0.1 0.661569 0.616424 0.650325
10699 0.398108 0.1 0.65657 0.60428 0.643678
10749 0.401562 0.1 0.650171 0.63547 0.65171
10799 0.398534 0.1 0.638768 0.612013 0.644642
10849 0.400545 0.1 0.659182 0.608977 0.641339
10899 0.393751 0.1 0.638131 0.631265 0.641523
10949 0.397721 0.1 0.656003 0.624574 0.657094
10999 0.38939 0.1 0.651595 0.618711 0.643433
11049 0.392789 0.1 0.65871 0.612405 0.644786
11099 0.385331 0.1 0.652888 0.631467 0.644752
11149 0.392019 0.1 0.662903 0.622693 0.64963
11199 0.392325 0.1 0.655384 0.612175 0.64667
11249 0.383094 0.1 0.6494 0.612219 0.656791
11299 0.385333 0.1 0.658994 0.613799 0.640004
11349 0.400578 0.1 0.655502 0.613645 0.652972
11399 0.388411 0.1 0.654273 0.630323 0.6442
11449 0.389446 0.1 0.657023 0.6231 0.648462
11499 0.38088 0.1 0.652251 0.620501 0.635909
11549 0.374104 0.1 0.645263 0.615027 0.649906
11599 0.38665 0.1 0.65132 0.616122 0.645896
11649 0.377424 0.1 0.64854 0.62871 0.641377
11699 0.37627 0.1 0.663293 0.617904 0.645183
11749 0.371749 0.1 0.653471 0.619772 0.647001
11799 0.377635 0.1 0.647915 0.616697 0.630978
11849 0.378806 0.1 0.654204 0.61726 0.64873
11899 0.377156 0.1 0.652268 0.62565 0.651192
11949 0.377091 0.1 0.646852 0.636382 0.638613
11999 0.370331 0.1 0.652461 0.622903 0.650469
12049 0.380017 0.1 0.642686 0.607383 0.640689
12099 0.374403 0.1 0.663139 0.612999 0.63941
12149 0.375783 0.1 0.649288 0.614107 0.651883
12199 0.369 0.1 0.666615 0.611326 0.656076
12249 0.38172 0.1 0.660141 0.631376 0.653004
12299 0.375612 0.1 0.654283 0.623596 0.654789
12349 0.370664 0.1 0.651021 0.614321 0.652222
12399 0.365865 0.1 0.660943 0.615603 0.638305
12449 0.365147 0.1 0.636919 0.622618 0.644033
12499 0.369704 0.1 0.640991 0.617089 0.644117
12549 0.363697 0.1 0.647387 0.616035 0.653676
12599 0.361776 0.1 0.646178 0.6224 0.649272
12649 0.362289 0.1 0.647834 0.615167 0.641622
12699 0.354899 0.1 0.634442 0.607574 0.644169
12749 0.357958 0.1 0.643928 0.634107 0.652944
12799 0.360985 0.1 0.644031 0.611981 0.643976
12849 0.368784 0.1 0.653892 0.62142 0.648381
12899 0.358126 0.1 0.64452 0.624323 0.651202
12949 0.357358 0.1 0.641754 0.607803 0.645003
12999 0.357118 0.1 0.649009 0.623251 0.643077
13049 0.357932 0.1 0.658045 0.632861 0.647775
13099 0.364814 0.1 0.6504 0.618274 0.650818
13149 0.363841 0.1 0.665132 0.633869 0.653832
13199 0.359132 0.1 0.653957 0.609394 0.649992
13249 0.368944 0.1 0.658092 0.629381 0.648127
13299 0.355544 0.1 0.645777 0.617698 0.654116
13349 0.343953 0.1 0.652094 0.619844 0.653869
13399 0.352759 0.1 0.656852 0.61143 0.653448
13449 0.346844 0.1 0.653028 0.627384 0.654233
13499 0.351741 0.1 0.643627 0.619448 0.646852
13549 0.350854 0.1 0.652802 0.630659 0.647307
13599 0.347952 0.1 0.647629 0.624829 0.640446
13649 0.348183 0.1 0.643935 0.623063 0.643249
13699 0.350803 0.1 0.644667 0.626838 0.641236
13749 0.343699 0.1 0.6403 0.62399 0.643823
13799 0.343633 0.1 0.652204 0.616949 0.644459
13849 0.348118 0.1 0.659393 0.622646 0.646979
13899 0.352607 0.1 0.650023 0.619413 0.646215
13949 0.343751 0.1 0.658039 0.624008 0.655051
13999 0.347154 0.1 0.649533 0.618909 0.644438
14049 0.336047 0.1 0.663945 0.613134 0.647748
14099 0.338129 0.1 0.658814 0.61055 0.646129
14149 0.34649 0.1 0.648151 0.612508 0.650996
14199 0.347944 0.1 0.65632 0.626334 0.653822
14249 0.341857 0.1 0.657984 0.614222 0.652037
14299 0.338364 0.1 0.6477 0.628175 0.644471
14349 0.340858 0.1 0.654222 0.635293 0.64422
14399 0.342681 0.1 0.651209 0.610496 0.649384
14449 0.343986 0.1 0.640678 0.621592 0.646992
14499 0.339085 0.1 0.644624 0.620587 0.652609
14549 0.34415 0.1 0.660472 0.607718 0.651444
14599 0.339022 0.1 0.659599 0.629953 0.642876
14649 0.340676 0.1 0.650516 0.609769 0.648967
14699 0.337496 0.1 0.643258 0.620602 0.637964
14749 0.326491 0.1 0.659048 0.630413 0.630205
14799 0.340537 0.1 0.650522 0.614962 0.652178
14849 0.338349 0.1 0.65074 0.612943 0.652932
14899 0.341822 0.1 0.646037 0.623967 0.653708
14949 0.327247 0.1 0.636069 0.616188 0.648194
14999 0.331588 0.1 0.658786 0.61463 0.637656
15049 0.339478 0.1 0.64199 0.615814 0.645624
15099 0.339629 0.1 0.64057 0.626541 0.657312
15149 0.334622 0.1 0.657186 0.618967 0.656371
15199 0.32655 0.1 0.655021 0.625124 0.643133
15249 0.334176 0.1 0.644606 0.624686 0.650695
15299 0.330959 0.1 0.643647 0.605054 0.640922
15349 0.327244 0.1 0.639992 0.626578 0.643828
15399 0.336993 0.1 0.659001 0.613992 0.645026
15449 0.324406 0.1 0.655565 0.617759 0.640465
15499 0.325642 0.1 0.656564 0.611547 0.649132
15549 0.328206 0.1 0.643362 0.619496 0.647507
15599 0.321622 0.1 0.656265 0.626374 0.647968
15649 0.328729 0.1 0.654977 0.621769 0.645637
15699 0.330963 0.1 0.643666 0.614614 0.653782
15749 0.332365 0.1 0.667117 0.607233 0.636407
15799 0.322432 0.1 0.653224 0.616976 0.637959
15849 0.322667 0.1 0.650342 0.623585 0.650218
15899 0.325428 0.1 0.646097 0.641579 0.652365
15949 0.324226 0.1 0.6535 0.626276 0.651671
15999 0.320467 0.1 0.651753 0.629954 0.652112
16049 0.327239 0.1 0.650684 0.622942 0.641015
16099 0.32478 0.1 0.643732 0.621814 0.65641
16149 0.31731 0.1 0.654245 0.624122 0.647544
16199 0.323644 0.1 0.654019 0.622824 0.639617
16249 0.318951 0.1 0.646802 0.620638 0.649071
16299 0.318637 0.1 0.649172 0.610243 0.650933
16349 0.316111 0.1 0.646658 0.610888 0.649068
16399 0.314355 0.1 0.647121 0.610778 0.653181
16449 0.311637 0.1 0.653515 0.614348 0.644752
16499 0.321036 0.1 0.649501 0.630189 0.651687
16549 0.32014 0.1 0.653826 0.616364 0.647422
16599 0.312443 0.1 0.654051 0.621857 0.64947
16649 0.324564 0.1 0.653482 0.625756 0.657075
16699 0.318281 0.1 0.654625 0.6131 0.655547
16749 0.314971 0.1 0.648324 0.623209 0.649837
16799 0.314487 0.1 0.659696 0.627195 0.648752
16849 0.304425 0.1 0.652194 0.603031 0.649641
16899 0.313984 0.1 0.645108 0.628037 0.655204
16949 0.314525 0.1 0.640463 0.621628 0.642453
16999 0.308266 0.1 0.655554 0.619904 0.651595
17049 0.314006 0.1 0.657359 0.609984 0.645555
17099 0.309309 0.1 0.648728 0.619388 0.648038
17149 0.303038 0.1 0.655864 0.621557 0.64637
17199 0.309174 0.1 0.666331 0.612238 0.646658
17249 0.308637 0.1 0.650129 0.628466 0.656702
17299 0.306176 0.1 0.648383 0.608191 0.637501
17349 0.318698 0.1 0.652046 0.623419 0.647174
17399 0.305739 0.1 0.635128 0.621432 0.648383
17449 0.301194 0.1 0.660707 0.61439 0.642798
17499 0.304892 0.1 0.649587 0.619798 0.649098
17549 0.305247 0.1 0.661038 0.612996 0.646733
17599 0.300433 0.1 0.652908 0.606594 0.65953
17649 0.303582 0.1 0.651187 0.622718 0.653113
17699 0.302264 0.1 0.658713 0.620416 0.644823
17749 0.308087 0.1 0.647947 0.616423 0.648252
17799 0.303993 0.1 0.6559 0.623219 0.644998
17849 0.299025 0.1 0.664996 0.636349 0.645003
17899 0.308423 0.1 0.664599 0.625306 0.648926
17949 0.304379 0.1 0.645306 0.623524 0.646337
17999 0.298636 0.1 0.652196 0.619091 0.644473
18049 0.296797 0.1 0.649047 0.610511 0.649201
18099 0.293052 0.1 0.648188 0.608579 0.654636
18149 0.306844 0.1 0.657032 0.618177 0.641292
18199 0.301461 0.1 0.657658 0.618703 0.637285
18249 0.29907 0.1 0.638779 0.61585 0.650589
18299 0.298403 0.1 0.658989 0.628275 0.647837
18349 0.293419 0.1 0.641671 0.615523 0.646381
18399 0.29205 0.1 0.645799 0.62115 0.645698
18449 0.297664 0.1 0.641181 0.611103 0.645043
18499 0.305359 0.1 0.653043 0.615275 0.645339
18549 0.292439 0.1 0.655237 0.618589 0.645421
18599 0.298995 0.1 0.64334 0.628088 0.649581
18649 0.295566 0.1 0.650638 0.627605 0.647421
18699 0.29272 0.1 0.652661 0.621078 0.651074
18749 0.29682 0.1 0.660735 0.623955 0.654269
18799 0.295639 0.1 0.649449 0.632992 0.647355
18849 0.287741 0.1 0.657872 0.623222 0.639462
18899 0.300794 0.1 0.647065 0.627721 0.640413
18949 0.290061 0.1 0.651452 0.618352 0.643311
18999 0.294663 0.1 0.658908 0.628805 0.638951
19049 0.292254 0.1 0.645939 0.613617 0.643279
19099 0.292033 0.1 0.656217 0.621388 0.644256
19149 0.293228 0.1 0.649923 0.610501 0.636879
19199 0.291073 0.1 0.653713 0.627474 0.654035
19249 0.294837 0.1 0.652331 0.609471 0.647515
19299 0.288547 0.1 0.648454 0.597979 0.649307
19349 0.295166 0.1 0.658904 0.619872 0.64755
19399 0.28636 0.1 0.646815 0.620104 0.646649
19449 0.290967 0.1 0.649606 0.611075 0.650611
19499 0.279767 0.1 0.651003 0.621487 0.64765
19549 0.289584 0.1 0.634909 0.613445 0.65514
19599 0.289421 0.1 0.653523 0.622036 0.645791
19649 0.293223 0.1 0.655266 0.606533 0.651998
19699 0.288372 0.1 0.650598 0.619712 0.639558
19749 0.294182 0.1 0.656559 0.613643 0.656488
19799 0.286301 0.1 0.658549 0.622548 0.648562
19849 0.289289 0.1 0.651907 0.616293 0.650957
19899 0.293618 0.1 0.643018 0.624318 0.649368
19949 0.286762 0.1 0.653948 0.62254 0.642891
19999 0.286769 0.1 0.661615 0.630869 0.631797
20049 0.285935 0.1 0.640515 0.620814 0.640638
20099 0.287242 0.1 0.654368 0.615834 0.657487
20149 0.288056 0.1 0.643125 0.619394 0.656063
20199 0.285105 0.1 0.651863 0.619042 0.640724
20249 0.286836 0.1 0.648731 0.624197 0.644728
20299 0.282392 0.1 0.637124 0.618079 0.651909
20349 0.284874 0.1 0.65001 0.619218 0.640184
20399 0.283236 0.1 0.658166 0.623445 0.644684
20449 0.279595 0.1 0.639206 0.625689 0.653142
20499 0.282642 0.1 0.655513 0.62563 0.650173
20549 0.280793 0.1 0.654091 0.630135 0.642381
20599 0.284207 0.1 0.65638 0.628316 0.643998
20649 0.290781 0.1 0.649662 0.621683 0.658177
20699 0.284098 0.1 0.655478 0.613793 0.655981
20749 0.280301 0.1 0.630451 0.618116 0.640725
20799 0.281242 0.1 0.646359 0.616166 0.647353
20849 0.2815 0.1 0.662553 0.622229 0.636023
20899 0.281537 0.1 0.640848 0.619056 0.640815
20949 0.281173 0.1 0.655098 0.62275 0.646824
20999 0.283661 0.1 0.637356 0.620551 0.650812
21049 0.274002 0.1 0.657604 0.629629 0.654586
21099 0.279856 0.1 0.654607 0.623217 0.651568
21149 0.276965 0.1 0.651992 0.614566 0.649966
21199 0.280104 0.1 0.662664 0.622497 0.644727
21249 0.271898 0.1 0.642502 0.62293 0.646655
21299 0.271178 0.1 0.65412 0.611057 0.65207
21349 0.274006 0.1 0.643789 0.627718 0.662753
21399 0.275053 0.1 0.650106 0.623266 0.650967
21449 0.271718 0.1 0.659556 0.622239 0.646893
21499 0.274655 0.1 0.644592 0.623267 0.649292
21549 0.276664 0.1 0.648308 0.62357 0.642863
21599 0.280723 0.1 0.654129 0.636339 0.649812
21649 0.276332 0.1 0.642397 0.62087 0.654009
21699 0.269491 0.1 0.658173 0.615766 0.641254
21749 0.273315 0.1 0.657621 0.627413 0.649507
21799 0.275398 0.1 0.660906 0.614658 0.644889
21849 0.273217 0.1 0.642007 0.61782 0.649203
21899 0.266358 0.1 0.638686 0.625992 0.646534
21949 0.26813 0.1 0.653244 0.627495 0.641343
21999 0.266179 0.1 0.65168 0.622686 0.654741
22049 0.270244 0.1 0.649675 0.635166 0.648434
22099 0.265657 0.1 0.653874 0.629918 0.64849
22149 0.2676 0.1 0.644998 0.630174 0.643509
22199 0.273968 0.1 0.651519 0.618233 0.638661
22249 0.273575 0.1 0.643498 0.614616 0.653356
22299 0.272151 0.1 0.639161 0.620521 0.650804
22349 0.259284 0.1 0.641805 0.619302 0.657551
22399 0.282099 0.1 0.652647 0.63359 0.642317
22449 0.265858 0.1 0.65296 0.625799 0.651626
22499 0.262415 0.1 0.634287 0.623855 0.646317
22549 0.267719 0.1 0.648954 0.61207 0.647705
22599 0.265226 0.1 0.648684 0.626912 0.651516
22649 0.27096 0.1 0.64406 0.631155 0.655369
22699 0.270719 0.1 0.647419 0.633438 0.639711
22749 0.26796 0.1 0.638114 0.629704 0.644475
22799 0.264869 0.1 0.649242 0.625162 0.655287
22849 0.267247 0.1 0.649807 0.632766 0.641174
22899 0.268681 0.1 0.637714 0.61615 0.638511
22949 0.263237 0.1 0.640463 0.619042 0.647901
22999 0.262742 0.1 0.635181 0.636641 0.638528
23049 0.264852 0.1 0.651946 0.619193 0.641132
23099 0.264347 0.1 0.650508 0.636488 0.643166
23149 0.263053 0.1 0.63584 0.632 0.64261
23199 0.266744 0.1 0.640526 0.611706 0.644327
23249 0.262155 0.1 0.647568 0.621068 0.649481
23299 0.265959 0.1 0.650792 0.631804 0.649862
23349 0.262821 0.1 0.64879 0.618841 0.653961
23399 0.260634 0.1 0.648153 0.622569 0.641781
23449 0.262108 0.1 0.642027 0.618696 0.64008
23499 0.264189 0.1 0.648127 0.60713 0.654327
23549 0.26036 0.1 0.652961 0.628866 0.644731
23599 0.263634 0.1 0.637559 0.618228 0.657318
23649 0.272415 0.1 0.651935 0.629782 0.641653
23699 0.258326 0.1 0.6518 0.617369 0.641406
23749 0.262682 0.1 0.642878 0.626104 0.650513
23799 0.259779 0.1 0.641362 0.617699 0.653401
23849 0.259101 0.1 0.651703 0.62125 0.644339
23899 0.264934 0.1 0.658987 0.631499 0.647319
23949 0.260247 0.1 0.643225 0.621916 0.638807
23999 0.265135 0.1 0.651754 0.620288 0.646549
24049 0.260542 0.1 0.637515 0.625042 0.648899
24099 0.255685 0.1 0.647941 0.622424 0.640535
24149 0.257507 0.1 0.644334 0.626946 0.641381
24199 0.257186 0.1 0.65038 0.616128 0.650977
24249 0.259689 0.1 0.660464 0.630186 0.642125
24299 0.2536 0.1 0.656026 0.623102 0.655282
24349 0.255349 0.1 0.633326 0.630367 0.652796
24399 0.261909 0.1 0.64845 0.626479 0.65083
24449 0.254657 0.1 0.651885 0.624843 0.643235
24499 0.259131 0.1 0.665055 0.62242 0.649565
24549 0.269802 0.1 0.656402 0.615617 0.654948
24599 0.267193 0.1 0.655464 0.617709 0.640181
24649 0.261025 0.1 0.650048 0.613531 0.64377
24699 0.254044 0.1 0.653895 0.635228 0.651153
24749 0.250148 0.1 0.651655 0.616239 0.645222
24799 0.250621 0.1 0.648372 0.628657 0.642644
24849 0.255671 0.1 0.660656 0.632186 0.657078
24899 0.255438 0.1 0.643765 0.61661 0.651809
24949 0.254965 0.1 0.640463 0.625542 0.646547
24999 0.260886 0.1 0.652258 0.624914 0.651947
25049 0.255483 0.1 0.641694 0.630567 0.645391
25099 0.254815 0.1 0.64317 0.618287 0.63876
25149 0.247582 0.1 0.647255 0.616585 0.64566
25199 0.250717 0.1 0.653444 0.633307 0.645673
25249 0.255767 0.1 0.651817 0.629125 0.645407
25299 0.255525 0.1 0.637009 0.623041 0.653533
25349 0.255507 0.1 0.643499 0.634127 0.640162
25399 0.25859 0.1 0.650951 0.624177 0.643238
25449 0.24674 0.1 0.641574 0.615763 0.642538
25499 0.24422 0.1 0.636625 0.629598 0.63791
25549 0.2505 0.1 0.652281 0.623007 0.640738
25599 0.263629 0.1 0.641188 0.619034 0.642991
25649 0.256904 0.1 0.648438 0.609873 0.649532
25699 0.256643 0.1 0.650748 0.620824 0.644703
25749 0.253909 0.1 0.648467 0.628012 0.655118
25799 0.250643 0.1 0.635455 0.619986 0.651143
25849 0.250198 0.1 0.653309 0.610408 0.646179
25899 0.249029 0.1 0.644649 0.633962 0.651769
25949 0.254723 0.1 0.642016 0.62947 0.649546
25999 0.249287 0.1 0.657946 0.629763 0.641735
26049 0.241769 0.1 0.651496 0.619823 0.651469
26099 0.239625 0.1 0.647501 0.623447 0.644428
26149 0.249317 0.1 0.635902 0.61035 0.650411
26199 0.250847 0.1 0.654978 0.612611 0.653173
26249 0.248217 0.1 0.659279 0.623195 0.642741
26299 0.248057 0.1 0.657076 0.621445 0.652106
26349 0.25239 0.1 0.644515 0.62683 0.649015
26399 0.245462 0.1 0.652557 0.614062 0.639323
26449 0.243159 0.1 0.653101 0.616167 0.639709
26499 0.24699 0.1 0.644779 0.62058 0.650757
26549 0.249628 0.1 0.639664 0.623528 0.644802
26599 0.246974 0.1 0.648608 0.621257 0.645241
26649 0.244839 0.1 0.644974 0.611281 0.654849
26699 0.244038 0.1 0.654328 0.624553 0.645088
26749 0.248746 0.1 0.647335 0.618372 0.648728
26799 0.241473 0.1 0.649473 0.615482 0.646888
26849 0.244452 0.1 0.641093 0.613353 0.651588
26899 0.245696 0.1 0.652905 0.625994 0.642944
26949 0.24689 0.1 0.649016 0.616052 0.64794
26999 0.24495 0.1 0.646677 0.622849 0.655486
27049 0.242032 0.1 0.63838 0.634352 0.640179
27099 0.245054 0.1 0.651283 0.629595 0.636542
27149 0.24898 0.1 0.655113 0.616092 0.631682
27199 0.247456 0.1 0.640241 0.613406 0.650621
27249 0.240405 0.1 0.647938 0.619147 0.652759
27299 0.240616 0.1 0.641288 0.612672 0.642039
27349 0.245475 0.1 0.656475 0.617803 0.647703
27399 0.246865 0.1 0.639966 0.623633 0.643307
27449 0.246867 0.1 0.646197 0.630236 0.651079
27499 0.240857 0.1 0.638535 0.627498 0.647488
27549 0.241648 0.1 0.651734 0.626859 0.646186
27599 0.236359 0.1 0.637113 0.626808 0.644497
27649 0.240756 0.1 0.650458 0.621141 0.646485
27699 0.241747 0.1 0.65857 0.623148 0.648177
27749 0.241492 0.1 0.643485 0.620891 0.647122
27799 0.24001 0.1 0.644744 0.616176 0.652433
27849 0.24584 0.1 0.640768 0.622835 0.645373
27899 0.24495 0.1 0.65245 0.617924 0.641949
27949 0.242891 0.1 0.655257 0.625494 0.642208
27999 0.240468 0.1 0.638356 0.622993 0.637281
28049 0.245821 0.1 0.65548 0.626661 0.644387
28099 0.2411 0.1 0.645464 0.631216 0.645783
28149 0.234019 0.1 0.642072 0.623182 0.640532
28199 0.243534 0.1 0.645744 0.618853 0.648322
28249 0.237811 0.1 0.641691 0.629445 0.640043
28299 0.239768 0.1 0.652393 0.623541 0.634163
28349 0.235769 0.1 0.638613 0.611111 0.642354
28399 0.246625 0.1 0.638318 0.620544 0.647322
28449 0.235256 0.1 0.645788 0.62395 0.648376
28499 0.242868 0.1 0.63542 0.618097 0.651675
28549 0.239352 0.1 0.650852 0.608703 0.650751
28599 0.234874 0.1 0.648253 0.626858 0.642527
28649 0.235542 0.1 0.635069 0.62641 0.639189
28699 0.23458 0.1 0.646992 0.628271 0.643512
28749 0.241147 0.1 0.643953 0.621833 0.653029
28799 0.232706 0.1 0.64308 0.621619 0.648657
28849 0.232368 0.1 0.637028 0.623163 0.649585
28899 0.233435 0.1 0.644791 0.634392 0.654247
28949 0.230344 0.1 0.647169 0.625805 0.651674
28999 0.234756 0.1 0.656692 0.615203 0.638538
29049 0.232084 0.1 0.639944 0.632257 0.633507
29099 0.236279 0.1 0.64508 0.606801 0.644261
29149 0.222731 0.1 0.662994 0.612157 0.638518
29199 0.229354 0.1 0.652175 0.617321 0.64509
29249 0.23906 0.1 0.651196 0.629353 0.652348
29299 0.22925 0.1 0.640789 0.625296 0.652919
29349 0.234438 0.1 0.63935 0.610194 0.645834
29399 0.239011 0.1 0.641832 0.635145 0.638913
29449 0.232434 0.1 0.640121 0.623906 0.652399
29499 0.223565 0.1 0.63891 0.624697 0.639551
29549 0.228261 0.1 0.645672 0.625373 0.648118
29599 0.230229 0.1 0.648523 0.614136 0.635896
29649 0.224303 0.1 0.641178 0.620839 0.642916
29699 0.239113 0.1 0.646786 0.631851 0.647364
29749 0.232119 0.1 0.630075 0.6219 0.643747
29799 0.238586 0.1 0.635448 0.625604 0.651099
29849 0.234432 0.1 0.640344 0.617658 0.633857
29899 0.2281 0.1 0.64438 0.629436 0.639429
29949 0.231188 0.1 0.640325 0.626606 0.638881
29999 0.230766 0.1 0.641788 0.624512 0.632427
30049 0.227522 0.1 0.662468 0.613735 0.646347
30099 0.229937 0.1 0.640872 0.614028 0.648481
30149 0.228277 0.1 0.640429 0.634891 0.642387
30199 0.220094 0.1 0.65342 0.614453 0.652832
30249 0.236567 0.1 0.657185 0.621353 0.642717
30299 0.227983 0.1 0.655791 0.636172 0.648087
30349 0.226233 0.1 0.650039 0.617193 0.634293
30399 0.230092 0.1 0.633111 0.620076 0.650777
30449 0.223928 0.1 0.65552 0.625664 0.652333
30499 0.224528 0.1 0.644985 0.62404 0.647848
30549 0.227663 0.1 0.646098 0.614938 0.649443
30599 0.231653 0.1 0.641196 0.632057 0.648415
30649 0.225668 0.1 0.644447 0.618268 0.648247
30699 0.232621 0.1 0.638581 0.621636 0.64769
30749 0.224373 0.1 0.65325 0.61429 0.642942
30799 0.22347 0.1 0.649254 0.618869 0.645777
30849 0.221936 0.1 0.649763 0.623437 0.650961
30899 0.220762 0.1 0.64684 0.619748 0.642035
30949 0.218408 0.1 0.642582 0.617584 0.643268
30999 0.225361 0.1 0.64132 0.622928 0.644762
31049 0.221209 0.1 0.656239 0.645322 0.652342
31099 0.22225 0.1 0.649153 0.607029 0.650619
31149 0.223227 0.1 0.647536 0.633738 0.641653
31199 0.224988 0.1 0.647079 0.622046 0.642062
31249 0.224585 0.1 0.647009 0.62696 0.644248
31299 0.229461 0.1 0.645526 0.621888 0.646613
31349 0.226399 0.1 0.643777 0.628203 0.641115
31399 0.225145 0.1 0.632971 0.623608 0.630831
31449 0.223678 0.1 0.64541 0.605736 0.64197
31499 0.224773 0.1 0.64116 0.617904 0.639816
31549 0.222402 0.1 0.644154 0.636216 0.650976
31599 0.220737 0.1 0.650698 0.62231 0.645249
31649 0.222906 0.1 0.655297 0.628255 0.649088
31699 0.218515 0.1 0.652315 0.628924 0.652469
31749 0.225245 0.1 0.63479 0.625497 0.634413
31799 0.227017 0.1 0.650492 0.621695 0.638896
31849 0.23054 0.1 0.644302 0.622265 0.653365
31899 0.219479 0.1 0.637909 0.626027 0.646429
31949 0.219753 0.1 0.659224 0.615 0.645411
31999 0.222392 0.1 0.644435 0.624535 0.64509
32049 0.2224 0.1 0.648734 0.629884 0.640429
32099 0.219758 0.1 0.651745 0.617916 0.647461
32149 0.216283 0.1 0.645345 0.621357 0.660281
32199 0.222661 0.1 0.647502 0.623418 0.650291
32249 0.21569 0.1 0.652609 0.625664 0.648751
32299 0.223038 0.1 0.642969 0.6237 0.647521
32349 0.22012 0.1 0.647949 0.624382 0.639693
32399 0.217501 0.1 0.646603 0.610023 0.649778
32449 0.216699 0.1 0.628124 0.631634 0.642305
32499 0.221824 0.1 0.650753 0.626171 0.643924
32549 0.213545 0.1 0.646931 0.615865 0.643171
32599 0.209741 0.1 0.65412 0.629713 0.651772
32649 0.228185 0.1 0.648324 0.617179 0.639385
32699 0.220685 0.1 0.647284 0.625435 0.650792
32749 0.221907 0.1 0.641325 0.629486 0.642177
32799 0.211187 0.1 0.654473 0.628248 0.640637
32849 0.216137 0.1 0.641466 0.628274 0.645544
32899 0.215747 0.1 0.631346 0.615348 0.650105
32949 0.215723 0.1 0.649296 0.622898 0.652122
32999 0.216776 0.1 0.632996 0.615863 0.641881
33049 0.215188 0.1 0.649046 0.629904 0.649007
33099 0.214707 0.1 0.648535 0.623508 0.646535
33149 0.2181 0.1 0.646819 0.629448 0.653687
33199 0.218087 0.1 0.652852 0.623037 0.640123
33249 0.211855 0.1 0.643382 0.625262 0.647979
33299 0.217331 0.1 0.650634 0.613101 0.645304
33349 0.21715 0.1 0.644633 0.619572 0.645469
33399 0.217668 0.1 0.640719 0.625375 0.645816
33449 0.214005 0.1 0.646841 0.624439 0.648259
33499 0.208778 0.1 0.631777 0.620134 0.646739
33549 0.213219 0.1 0.651896 0.615398 0.644628
33599 0.214318 0.1 0.638658 0.618061 0.654123
33649 0.21352 0.1 0.655793 0.618613 0.644125
33699 0.214053 0.1 0.652321 0.623529 0.654725
33749 0.221412 0.1 0.643877 0.62128 0.649086
33799 0.214121 0.1 0.640563 0.623877 0.634636
33849 0.214531 0.1 0.642914 0.628678 0.642701
33899 0.217107 0.1 0.641116 0.628485 0.635742
33949 0.213585 0.1 0.647063 0.616888 0.648849
33999 0.218854 0.1 0.650457 0.62319 0.642348
34049 0.215276 0.1 0.646581 0.622013 0.640819
34099 0.211819 0.1 0.64575 0.631195 0.650225
34149 0.214179 0.1 0.646692 0.624992 0.647577
34199 0.217591 0.1 0.640205 0.626349 0.649681
34249 0.213841 0.1 0.660917 0.632639 0.639319
34299 0.215321 0.1 0.644566 0.621496 0.652675
34349 0.215243 0.1 0.646658 0.639451 0.641367
34399 0.204695 0.1 0.6511 0.628436 0.644689
34449 0.206714 0.1 0.647749 0.624661 0.657156
34499 0.214781 0.1 0.646253 0.61922 0.647802
34549 0.212288 0.1 0.656859 0.632081 0.652157
34599 0.213464 0.1 0.667837 0.623425 0.646959
34649 0.208082 0.1 0.648607 0.621786 0.647444
34699 0.214349 0.1 0.641499 0.611901 0.653995
34749 0.218407 0.1 0.64682 0.620113 0.647235
34799 0.207627 0.1 0.645067 0.628852 0.644582
34849 0.21114 0.1 0.645366 0.629513 0.651734
34899 0.205618 0.1 0.634874 0.626397 0.64889
34949 0.205349 0.1 0.660549 0.622598 0.647335
34999 0.206705 0.1 0.650272 0.635175 0.649796
35049 0.21636 0.1 0.64396 0.622104 0.649469
35099 0.213214 0.1 0.631942 0.618433 0.64796
35149 0.210726 0.1 0.647114 0.63726 0.649487
35199 0.203773 0.1 0.66469 0.634855 0.642002
35249 0.216127 0.1 0.649073 0.627739 0.632546
35299 0.207099 0.1 0.654518 0.626111 0.644393
35349 0.210009 0.1 0.641873 0.630231 0.652788
35399 0.198424 0.1 0.643872 0.620121 0.647176
35449 0.210985 0.1 0.636917 0.635283 0.651509
35499 0.209693 0.1 0.640402 0.608456 0.642274
35549 0.207693 0.1 0.636726 0.627823 0.650829
35599 0.203552 0.1 0.643957 0.627331 0.648074
35649 0.213086 0.1 0.645593 0.6288 0.646663
35699 0.210584 0.1 0.638566 0.639761 0.652454
35749 0.209514 0.1 0.648612 0.613086 0.651291
35799 0.204422 0.1 0.644389 0.614521 0.648289
35849 0.204312 0.1 0.650176 0.643632 0.645709
35899 0.204818 0.1 0.644287 0.633064 0.639799
35949 0.206173 0.1 0.639422 0.629061 0.657284
35999 0.20867 0.1 0.64087 0.629377 0.646017
36049 0.213189 0.1 0.64638 0.621844 0.655653
36099 0.204999 0.1 0.635318 0.630517 0.648712
36149 0.209134 0.1 0.639774 0.621226 0.649524
36199 0.203623 0.1 0.658301 0.626518 0.654188
36249 0.206409 0.1 0.65335 0.624927 0.648932
36299 0.202409 0.1 0.641445 0.62043 0.65818
36349 0.209864 0.1 0.653847 0.632479 0.645906
36399 0.205174 0.1 0.645552 0.626416 0.641955
36449 0.20871 0.1 0.647854 0.634787 0.650149
36499 0.204746 0.1 0.638057 0.63097 0.636271
36549 0.205302 0.1 0.649672 0.616775 0.650605
36599 0.209914 0.1 0.641454 0.63507 0.658163
36649 0.201912 0.1 0.641366 0.61182 0.643685
36699 0.2052 0.1 0.647999 0.637854 0.652479
36749 0.209627 0.1 0.655858 0.636423 0.653376
36799 0.203115 0.1 0.653166 0.624865 0.648429
36849 0.203831 0.1 0.658176 0.624269 0.646243
36899 0.208701 0.1 0.64291 0.640386 0.649109
36949 0.198199 0.1 0.620839 0.630228 0.646545
36999 0.208551 0.1 0.640512 0.62968 0.654687
37049 0.202195 0.1 0.646073 0.630618 0.644936
37099 0.213318 0.1 0.643243 0.644648 0.651982
37149 0.202399 0.1 0.648488 0.628385 0.6538
37199 0.196914 0.1 0.639501 0.628247 0.650056
37249 0.20377 0.1 0.635965 0.63081 0.651262
37299 0.204125 0.1 0.66464 0.635866 0.640989
37349 0.206526 0.1 0.646284 0.645483 0.660131
37399 0.20434 0.1 0.63982 0.621756 0.644649
37449 0.205397 0.1 0.650217 0.628028 0.641849
37499 0.198066 0.1 0.64024 0.633058 0.643978
37549 0.202142 0.1 0.642012 0.620332 0.654407
37599 0.198724 0.1 0.638108 0.616394 0.643254
37649 0.208548 0.1 0.647589 0.62178 0.64521
37699 0.205971 0.1 0.646152 0.629429 0.645066
37749 0.203865 0.1 0.651505 0.631913 0.652159
37799 0.201884 0.1 0.646548 0.631293 0.63455
37849 0.201557 0.1 0.650479 0.617061 0.643484
37899 0.205561 0.1 0.632621 0.633396 0.636988
37949 0.196839 0.1 0.654263 0.622042 0.639643
37999 0.202854 0.1 0.623603 0.62865 0.647522
38049 0.203716 0.1 0.652125 0.631231 0.650328
38099 0.196357 0.1 0.645115 0.64118 0.649952
38149 0.20181 0.1 0.651254 0.625885 0.648623
38199 0.20038 0.1 0.640877 0.622837 0.655851
38249 0.1938 0.1 0.636562 0.620694 0.651083
38299 0.200379 0.1 0.648971 0.614967 0.645982
38349 0.204313 0.1 0.656177 0.631751 0.647307
38399 0.198739 0.1 0.650337 0.633112 0.654472
38449 0.197061 0.1 0.649569 0.624196 0.647098
38499 0.198374 0.1 0.65426 0.628286 0.645746
38549 0.196831 0.1 0.642959 0.623281 0.64806
38599 0.199194 0.1 0.648219 0.632592 0.651673
38649 0.201304 0.1 0.639033 0.643837 0.652223
38699 0.205832 0.1 0.637181 0.633787 0.651187
38749 0.193184 0.1 0.64091 0.624567 0.661132
38799 0.204227 0.1 0.654937 0.626043 0.651362
38849 0.197256 0.1 0.642494 0.616922 0.650394
38899 0.198565 0.1 0.644834 0.612867 0.645253
38949 0.201219 0.1 0.653849 0.621511 0.6406
38999 0.198969 0.1 0.645826 0.61695 0.638305
39049 0.200827 0.1 0.64782 0.625023 0.649634
39099 0.193988 0.1 0.657127 0.619434 0.637514
39149 0.198811 0.1 0.645786 0.622744 0.651344
39199 0.197778 0.1 0.653922 0.631329 0.649491
39249 0.198295 0.1 0.657584 0.62256 0.653451
39299 0.188663 0.1 0.644981 0.619045 0.648894
39349 0.19936 0.1 0.637477 0.622976 0.650199
39399 0.196449 0.1 0.658221 0.617755 0.649183
39449 0.201528 0.1 0.644501 0.607763 0.645265
39499 0.196221 0.1 0.652661 0.613426 0.645425
39549 0.196527 0.1 0.648162 0.612456 0.640805
39599 0.198504 0.1 0.647209 0.62351 0.653519
39649 0.194987 0.1 0.647515 0.626008 0.649167
39699 0.201321 0.1 0.648197 0.61793 0.63915
39749 0.194941 0.1 0.645871 0.632953 0.645321
39799 0.196209 0.1 0.650062 0.630549 0.640555
39849 0.202627 0.1 0.647974 0.624471 0.643214
39899 0.193916 0.1 0.64608 0.626488 0.648013
39949 0.197732 0.1 0.650316 0.623531 0.648671
39999 0.193085 0.1 0.630745 0.624447 0.643158
40049 0.192624 0.1 0.650152 0.624786 0.648346
40099 0.196233 0.1 0.649353 0.626016 0.65631
40149 0.192549 0.1 0.649267 0.635527 0.64885
40199 0.196537 0.1 0.648861 0.636033 0.640296
40249 0.202385 0.1 0.64947 0.63468 0.648066
40299 0.204239 0.1 0.643612 0.636381 0.649359
40349 0.189955 0.1 0.658207 0.631246 0.645526
40399 0.194091 0.1 0.641957 0.63573 0.645745
40449 0.187432 0.1 0.647534 0.631927 0.635955
40499 0.198201 0.1 0.640696 0.637131 0.63889
40549 0.187805 0.1 0.647415 0.632854 0.65216
40599 0.195551 0.1 0.64481 0.62853 0.646041
40649 0.191232 0.1 0.651357 0.619646 0.653474
40699 0.190714 0.1 0.640834 0.633125 0.644901
40749 0.193769 0.1 0.650827 0.625415 0.651515
40799 0.18497 0.1 0.640861 0.626745 0.635668
40849 0.194492 0.1 0.644222 0.638404 0.637558
40899 0.189611 0.1 0.646474 0.630274 0.647493
40949 0.191727 0.1 0.650515 0.626884 0.646781
40999 0.19212 0.1 0.643886 0.625989 0.636814
41049 0.197631 0.1 0.652391 0.640353 0.640133
41099 0.190945 0.1 0.64825 0.629975 0.648065
41149 0.196825 0.1 0.649236 0.630164 0.653822
41199 0.198516 0.1 0.634679 0.624405 0.64178
41249 0.195934 0.1 0.652157 0.634719 0.643096
41299 0.192757 0.1 0.635963 0.62728 0.636988
41349 0.193494 0.1 0.654135 0.634564 0.644719
41399 0.193047 0.1 0.641052 0.626324 0.649894
41449 0.189985 0.1 0.637922 0.634503 0.641699
41499 0.196671 0.1 0.644532 0.621622 0.648599
41549 0.190036 0.1 0.654259 0.634268 0.644789
41599 0.192412 0.1 0.653497 0.628377 0.642679
41649 0.19219 0.1 0.631922 0.635117 0.644548
41699 0.191782 0.1 0.642088 0.624983 0.643741
41749 0.196563 0.1 0.639895 0.624379 0.64758
41799 0.195148 0.1 0.64802 0.618585 0.654429
41849 0.195634 0.1 0.652212 0.630567 0.641374
41899 0.187657 0.1 0.653726 0.626607 0.635493
41949 0.1921 0.1 0.641971 0.628932 0.639393
41999 0.194834 0.1 0.652735 0.620133 0.63917
42049 0.188409 0.1 0.636833 0.628495 0.642256
42099 0.190328 0.1 0.639645 0.629975 0.64245
42149 0.19183 0.1 0.641063 0.613587 0.642454
42199 0.196792 0.1 0.642729 0.626286 0.638722
42249 0.190418 0.1 0.649355 0.631769 0.646535
42299 0.184873 0.1 0.647762 0.626863 0.635808
42349 0.184469 0.1 0.642797 0.632342 0.642115
42399 0.189159 0.1 0.650861 0.631587 0.643153
42449 0.181282 0.1 0.649928 0.635981 0.642502
42499 0.195477 0.1 0.635016 0.635193 0.642823
42549 0.19327 0.1 0.648557 0.61803 0.634564
42599 0.188115 0.1 0.637459 0.633847 0.647523
42649 0.195919 0.1 0.64732 0.636643 0.629111
42699 0.189186 0.1 0.641883 0.627072 0.63557
42749 0.188857 0.1 0.63591 0.627951 0.63952
42799 0.194238 0.1 0.640293 0.624481 0.638999
42849 0.19274 0.1 0.658579 0.631609 0.637412
42899 0.189988 0.1 0.641907 0.62707 0.630393
42949 0.18591 0.1 0.659492 0.636263 0.640545
42999 0.193523 0.1 0.643628 0.625347 0.640634
43049 0.194091 0.1 0.646171 0.616135 0.644107
43099 0.190639 0.1 0.641216 0.627567 0.630491
43149 0.191378 0.1 0.642297 0.629078 0.643502
43199 0.191638 0.1 0.662959 0.634938 0.63592
43249 0.186092 0.1 0.651194 0.608276 0.637525
43299 0.192153 0.1 0.641593 0.637989 0.635846
43349 0.189146 0.1 0.648419 0.622739 0.632302
43399 0.187902 0.1 0.650213 0.636821 0.637128
43449 0.188883 0.1 0.659997 0.64252 0.634158
43499 0.198549 0.1 0.651093 0.621001 0.636999
43549 0.192715 0.1 0.658296 0.63178 0.640415
43599 0.191433 0.1 0.646258 0.627124 0.637778
43649 0.189101 0.1 0.644024 0.630921 0.629002
43699 0.187826 0.1 0.650074 0.625699 0.654545
43749 0.187281 0.1 0.652957 0.619189 0.636724
43799 0.187816 0.1 0.639873 0.634529 0.644475
43849 0.191896 0.1 0.642693 0.635474 0.634662
43899 0.186859 0.1 0.647722 0.63037 0.638426
43949 0.189195 0.1 0.653192 0.634828 0.646506
43999 0.18753 0.1 0.657656 0.623621 0.642447
44049 0.184239 0.1 0.64426 0.604976 0.643929
44099 0.19063 0.1 0.643408 0.635109 0.629662
44149 0.184971 0.1 0.641833 0.628862 0.635869
44199 0.182939 0.1 0.642246 0.616976 0.647711
44249 0.187169 0.1 0.641467 0.619422 0.641982
44299 0.182652 0.1 0.633204 0.624417 0.643649
44349 0.182668 0.1 0.64029 0.626301 0.643791
44399 0.190916 0.1 0.641299 0.635215 0.631059
44449 0.184898 0.1 0.658279 0.621446 0.630288
44499 0.186136 0.1 0.643596 0.62565 0.641984
44549 0.186607 0.1 0.649001 0.640181 0.624758
44599 0.185848 0.1 0.646046 0.632761 0.635833
44649 0.188693 0.1 0.650977 0.636564 0.629221
44699 0.180277 0.1 0.644498 0.625886 0.642319
44749 0.184543 0.1 0.648039 0.623311 0.638416
44799 0.184285 0.1 0.640313 0.637034 0.636465
44849 0.183937 0.1 0.644888 0.62906 0.644519
44899 0.18672 0.1 0.63849 0.623849 0.634362
44949 0.188836 0.1 0.637689 0.626005 0.632361
44999 0.189548 0.1 0.63043 0.640567 0.648759
45049 0.181547 0.1 0.655325 0.629465 0.636019
45099 0.185119 0.1 0.649424 0.632944 0.640099
45149 0.183477 0.1 0.646934 0.641416 0.634598
45199 0.18467 0.1 0.643454 0.625437 0.630762
45249 0.184848 0.1 0.64699 0.630618 0.636018
45299 0.180932 0.1 0.650395 0.634204 0.640204
45349 0.184717 0.1 0.641792 0.633034 0.64014
45399 0.180861 0.1 0.643051 0.623399 0.632558
45449 0.184726 0.1 0.657208 0.644616 0.631088
45499 0.186559 0.1 0.652864 0.627967 0.635415
45549 0.178762 0.1 0.65288 0.622793 0.636343
45599 0.180913 0.1 0.656721 0.627523 0.639644
45649 0.18516 0.1 0.641044 0.635352 0.631429
45699 0.184032 0.1 0.65325 0.624548 0.649692
45749 0.180256 0.1 0.654838 0.641104 0.63206
45799 0.188779 0.1 0.631508 0.627057 0.637707
45849 0.183523 0.1 0.643569 0.623537 0.626254
45899 0.185656 0.1 0.640812 0.624442 0.639529
45949 0.182627 0.1 0.637883 0.636562 0.638057
45999 0.186891 0.1 0.656903 0.613498 0.628284
46049 0.184512 0.1 0.643607 0.617853 0.63598
46099 0.184742 0.1 0.659014 0.615559 0.64468
46149 0.183988 0.1 0.648429 0.630905 0.623872
46199 0.182688 0.1 0.652133 0.627605 0.636182
46249 0.18538 0.1 0.641667 0.629793 0.638032
46299 0.184779 0.1 0.638454 0.6276 0.635402
46349 0.18122 0.1 0.640622 0.62019 0.641594
46399 0.180145 0.1 0.650308 0.632753 0.639317
46449 0.179414 0.1 0.652763 0.633958 0.628166
46499 0.183718 0.1 0.635375 0.627531 0.629182
46549 0.179246 0.1 0.652315 0.62202 0.625587
46599 0.184031 0.1 0.651786 0.627006 0.637536
46649 0.176707 0.1 0.637984 0.633428 0.635617
46699 0.180257 0.1 0.634919 0.624851 0.635569
46749 0.182625 0.1 0.637327 0.639276 0.640412
46799 0.185216 0.1 0.646592 0.633312 0.640092
46849 0.181249 0.1 0.646249 0.632322 0.635841
46899 0.188311 0.1 0.640554 0.629109 0.639177
46949 0.18246 0.1 0.639131 0.630667 0.625509
46999 0.181028 0.1 0.642883 0.612257 0.643038
47049 0.182592 0.1 0.656926 0.617861 0.625785
47099 0.180699 0.1 0.638386 0.626619 0.636572
47149 0.183508 0.1 0.650461 0.629541 0.62629
47199 0.180507 0.1 0.651088 0.639163 0.629124
47249 0.179129 0.1 0.640485 0.633829 0.637584
47299 0.180738 0.1 0.648271 0.625784 0.629947
47349 0.173759 0.1 0.654673 0.609065 0.627607
47399 0.178461 0.1 0.650194 0.623238 0.628762
47449 0.181075 0.1 0.63837 0.630757 0.6378
47499 0.180822 0.1 0.649748 0.622556 0.626994
47549 0.183668 0.1 0.64198 0.62553 0.626437
47599 0.181747 0.1 0.6509 0.634494 0.631627
47649 0.178231 0.1 0.647448 0.625388 0.629878
47699 0.174913 0.1 0.639208 0.618025 0.635497
47749 0.178557 0.1 0.637605 0.637836 0.624621
47799 0.186064 0.1 0.645028 0.61987 0.635267
47849 0.179237 0.1 0.644459 0.639363 0.63067
47899 0.181023 0.1 0.640399 0.615107 0.634254
47949 0.184848 0.1 0.63384 0.635413 0.634969
47999 0.175245 0.1 0.646429 0.638054 0.643166
48049 0.178717 0.1 0.641056 0.629085 0.635828
48099 0.182102 0.1 0.643443 0.638667 0.630254
48149 0.181293 0.1 0.639511 0.628683 0.625875
48199 0.185719 0.1 0.65536 0.625655 0.634757
48249 0.178968 0.1 0.631085 0.629507 0.635424
48299 0.175797 0.1 0.644533 0.615268 0.629859
48349 0.18477 0.1 0.642448 0.629583 0.628967
48399 0.175119 0.1 0.639156 0.635809 0.633123
48449 0.176959 0.1 0.653011 0.62409 0.632041
48499 0.180139 0.1 0.645665 0.634252 0.626808
48549 0.181085 0.1 0.646643 0.627675 0.630096
48599 0.178603 0.1 0.645528 0.63081 0.624309
48649 0.176607 0.1 0.65491 0.627835 0.633514
48699 0.183241 0.1 0.649115 0.614424 0.636447
48749 0.180665 0.1 0.639023 0.637312 0.617221
48799 0.173793 0.1 0.654753 0.628959 0.633992
48849 0.187255 0.1 0.644031 0.639245 0.6273
48899 0.182109 0.1 0.638328 0.636985 0.634765
48949 0.178489 0.1 0.64982 0.637047 0.637396
48999 0.177941 0.1 0.638883 0.617544 0.624407
49049 0.17774 0.1 0.638384 0.62916 0.62873
49099 0.18072 0.1 0.648115 0.633389 0.631324
49149 0.17856 0.1 0.651508 0.623141 0.641064
49199 0.17889 0.1 0.645625 0.634856 0.630529
49249 0.177519 0.1 0.640866 0.622957 0.625356
49299 0.175687 0.1 0.645405 0.639482 0.627785
49349 0.174595 0.1 0.641868 0.634982 0.633851
49399 0.177395 0.1 0.646988 0.636543 0.639467
49449 0.171694 0.1 0.652567 0.630323 0.634285
49499 0.174981 0.1 0.63787 0.637152 0.627515
49549 0.18168 0.1 0.639488 0.6189 0.63887
49599 0.17818 0.1 0.652296 0.632825 0.633246
49649 0.178031 0.1 0.649466 0.62709 0.62743
49699 0.171155 0.1 0.646233 0.622383 0.625472
49749 0.171332 0.1 0.645217 0.609135 0.638415
49799 0.175916 0.1 0.64614 0.637745 0.620685
49849 0.176882 0.1 0.652194 0.636597 0.643958
49899 0.175002 0.1 0.656686 0.609539 0.62695
49949 0.177551 0.1 0.630199 0.62709 0.634481
49999 0.174664 0.1 0.655504 0.637083 0.62205
50049 0.176763 0.1 0.653051 0.624642 0.637393
50099 0.176053 0.1 0.639005 0.618399 0.638319
50149 0.173513 0.1 0.645326 0.615012 0.628143
50199 0.174487 0.1 0.653403 0.640023 0.620206
50249 0.177623 0.1 0.646918 0.613166 0.638869
50299 0.174689 0.1 0.650735 0.625165 0.621794
50349 0.179197 0.1 0.643641 0.61844 0.63391
50399 0.176378 0.1 0.637962 0.627047 0.620358
50449 0.175736 0.1 0.64801 0.632964 0.629506
50499 0.172351 0.1 0.645347 0.623823 0.629201
50549 0.174201 0.1 0.644427 0.628937 0.620649
50599 0.177884 0.1 0.637896 0.631179 0.631252
50649 0.171795 0.1 0.649426 0.634349 0.628573
50699 0.176877 0.1 0.647413 0.631678 0.621267
50749 0.175852 0.1 0.649639 0.628907 0.627347
50799 0.175161 0.1 0.641094 0.626569 0.622209
50849 0.168722 0.1 0.646974 0.643735 0.629171
50899 0.173882 0.1 0.639402 0.61344 0.639937
50949 0.174982 0.1 0.643071 0.632753 0.633346
50999 0.176842 0.1 0.645664 0.620918 0.633665
51049 0.173505 0.1 0.656558 0.616147 0.625052
51099 0.172997 0.1 0.640121 0.626013 0.630152
51149 0.176425 0.1 0.654374 0.622501 0.627263
51199 0.169374 0.1 0.638298 0.620702 0.625892
51249 0.174308 0.1 0.657613 0.625481 0.62982
51299 0.178081 0.1 0.662274 0.620093 0.628322
51349 0.17575 0.1 0.645308 0.631151 0.627895
51399 0.1769 0.1 0.647833 0.627754 0.633115
51449 0.17658 0.1 0.655053 0.615351 0.616627
51499 0.16817 0.1 0.634496 0.628042 0.635186
51549 0.173683 0.1 0.632101 0.625578 0.627285
51599 0.172133 0.1 0.662553 0.627248 0.623587
51649 0.177695 0.1 0.637913 0.606262 0.629374
51699 0.174133 0.1 0.635078 0.627516 0.625874
51749 0.178241 0.1 0.649514 0.632225 0.626007
51799 0.173304 0.1 0.649306 0.617511 0.627455
51849 0.176579 0.1 0.641044 0.637885 0.631003
51899 0.173331 0.1 0.646946 0.620166 0.634071
51949 0.171165 0.1 0.644582 0.626021 0.626206
51999 0.178305 0.1 0.653251 0.63099 0.62825
52049 0.174548 0.1 0.653564 0.630176 0.631374
52099 0.173354 0.1 0.652423 0.607857 0.628329
52149 0.171227 0.1 0.651511 0.629669 0.635841
52199 0.174739 0.1 0.652181 0.622464 0.623864
52249 0.175475 0.1 0.649387 0.626864 0.623166
52299 0.176615 0.1 0.646434 0.629182 0.639687
52349 0.173742 0.1 0.662502 0.626299 0.625359
52399 0.170752 0.1 0.656518 0.619699 0.641405
52449 0.173798 0.1 0.654103 0.633835 0.63024
52499 0.164784 0.1 0.631283 0.616825 0.630329
52549 0.165311 0.1 0.642744 0.623477 0.620397
52599 0.17569 0.1 0.642771 0.621049 0.621598
52649 0.174667 0.1 0.63906 0.628811 0.632477
52699 0.171892 0.1 0.640835 0.626827 0.624094
52749 0.1709 0.1 0.655245 0.645073 0.626845
52799 0.167149 0.1 0.64297 0.628553 0.622319
52849 0.169292 0.1 0.63175 0.63095 0.625098
52899 0.169403 0.1 0.640996 0.628663 0.627932
52949 0.180053 0.1 0.647585 0.629086 0.627571
52999 0.170394 0.1 0.645417 0.618129 0.634135
53049 0.165935 0.1 0.638944 0.633326 0.629324
53099 0.166771 0.1 0.648767 0.627677 0.633779
53149 0.170364 0.1 0.650669 0.629922 0.642358
53199 0.165556 0.1 0.650259 0.637848 0.632831
53249 0.17089 0.1 0.64113 0.623484 0.622073
53299 0.170049 0.1 0.6489 0.624129 0.625497
53349 0.16996 0.1 0.635853 0.625544 0.630795
53399 0.165821 0.1 0.638568 0.633591 0.637124
53449 0.168915 0.1 0.6367 0.61963 0.627062
53499 0.164478 0.1 0.650503 0.628226 0.627662
53549 0.168853 0.1 0.643006 0.626792 0.628826
53599 0.176323 0.1 0.645953 0.64391 0.628833
53649 0.176462 0.1 0.663353 0.616994 0.630493
53699 0.168182 0.1 0.655405 0.633281 0.637255
53749 0.168836 0.1 0.64928 0.637616 0.634899
53799 0.164205 0.1 0.641317 0.617422 0.627264
53849 0.170008 0.1 0.641046 0.638396 0.628587
53899 0.171334 0.1 0.652932 0.636877 0.633916
53949 0.165702 0.1 0.64685 0.624225 0.628154
53999 0.165998 0.1 0.660444 0.633234 0.635582
54049 0.167653 0.1 0.6439 0.641776 0.618905
54099 0.164491 0.1 0.65202 0.639298 0.63597
54149 0.168921 0.1 0.642978 0.630073 0.619542
54199 0.172274 0.1 0.645012 0.629613 0.627464
54249 0.170835 0.1 0.647615 0.625768 0.613356
54299 0.171779 0.1 0.642597 0.628117 0.620295
54349 0.169731 0.1 0.648117 0.614935 0.635281
54399 0.161821 0.1 0.64468 0.625992 0.633872
54449 0.167077 0.1 0.6484 0.624689 0.632651
54499 0.163129 0.1 0.645158 0.618125 0.629013
54549 0.165755 0.1 0.65175 0.633568 0.635563
54599 0.17109 0.1 0.636289 0.620448 0.630194
54649 0.167011 0.1 0.636022 0.635943 0.632126
54699 0.168746 0.1 0.658934 0.64099 0.630664
54749 0.170513 0.1 0.65744 0.619798 0.634102
54799 0.172357 0.1 0.639424 0.634041 0.627361
54849 0.17149 0.1 0.648533 0.627314 0.630101
54899 0.170223 0.1 0.651791 0.636753 0.628451
54949 0.168954 0.1 0.652144 0.616885 0.626249
54999 0.171265 0.1 0.665656 0.626734 0.629072
55049 0.166953 0.1 0.656497 0.623468 0.62941
55099 0.166247 0.1 0.644925 0.624237 0.632431
55149 0.171129 0.1 0.637444 0.616546 0.638949
55199 0.168985 0.1 0.627975 0.618855 0.630773
55249 0.165826 0.1 0.651697 0.623627 0.634
55299 0.176007 0.1 0.655658 0.639554 0.631319
55349 0.165988 0.1 0.655727 0.640854 0.629092
55399 0.169475 0.1 0.64652 0.629754 0.631759
55449 0.168654 0.1 0.64023 0.625919 0.639133
55499 0.16462 0.1 0.647517 0.62158 0.627975
55549 0.166936 0.1 0.656391 0.635141 0.625759
55599 0.160982 0.1 0.638351 0.627935 0.622079
55649 0.165129 0.1 0.658767 0.627753 0.632326
55699 0.16322 0.1 0.650385 0.630717 0.622347
55749 0.165852 0.1 0.649801 0.647883 0.631192
55799 0.162795 0.1 0.645843 0.620197 0.622989
55849 0.163857 0.1 0.636514 0.621368 0.637213
55899 0.163009 0.1 0.63998 0.635684 0.629363
55949 0.164981 0.1 0.646849 0.608446 0.640951
55999 0.164748 0.1 0.638793 0.638942 0.634467
56049 0.16591 0.1 0.654234 0.620117 0.632102
56099 0.167864 0.1 0.65703 0.63366 0.627907
56149 0.165203 0.1 0.66371 0.640215 0.640763
56199 0.169194 0.1 0.646962 0.633531 0.631602
56249 0.164242 0.1 0.643985 0.624148 0.634467
56299 0.166335 0.1 0.64463 0.626577 0.637825
56349 0.171095 0.1 0.64474 0.630061 0.628756
56399 0.170694 0.1 0.629178 0.631394 0.632633
56449 0.165819 0.1 0.653945 0.633717 0.623195
56499 0.165904 0.1 0.6378 0.627783 0.626697
56549 0.163869 0.1 0.636462 0.625656 0.640472
56599 0.165519 0.1 0.669767 0.622325 0.645677
56649 0.166096 0.1 0.640811 0.637128 0.627733
56699 0.162925 0.1 0.636122 0.623458 0.623232
56749 0.168996 0.1 0.651692 0.631628 0.621098
56799 0.161695 0.1 0.646571 0.630027 0.626343
56849 0.161617 0.1 0.651094 0.618151 0.640462
56899 0.167976 0.1 0.657357 0.620015 0.616626
56949 0.164771 0.1 0.648525 0.644845 0.625046
56999 0.164467 0.1 0.644806 0.612624 0.633073
57049 0.166105 0.1 0.646814 0.624871 0.638312
57099 0.159942 0.1 0.641986 0.64101 0.638649
57149 0.163653 0.1 0.653707 0.629528 0.635797
57199 0.162767 0.1 0.652882 0.623809 0.624849
57249 0.16471 0.1 0.633042 0.62197 0.634403
57299 0.167875 0.1 0.647152 0.64587 0.628505
57349 0.164489 0.1 0.650433 0.628612 0.634574
57399 0.164092 0.1 0.64359 0.625606 0.627564
57449 0.16388 0.1 0.657007 0.615728 0.630725
57499 0.159189 0.1 0.639889 0.635346 0.636683
57549 0.16179 0.1 0.647172 0.613273 0.63192
57599 0.16209 0.1 0.659893 0.632751 0.622981
57649 0.161373 0.1 0.663245 0.626711 0.630979
57699 0.163672 0.1 0.655923 0.62859 0.625597
57749 0.163064 0.1 0.636915 0.627566 0.627583
57799 0.16262 0.1 0.633746 0.616283 0.63724
57849 0.161782 0.1 0.647409 0.640993 0.629555
57899 0.162581 0.1 0.659039 0.627239 0.627268
57949 0.165379 0.1 0.655178 0.63334 0.629397
57999 0.163603 0.1 0.655217 0.631642 0.632528
58049 0.158714 0.1 0.643886 0.623385 0.629922
58099 0.164683 0.1 0.639357 0.630956 0.633063
58149 0.163583 0.1 0.649807 0.627804 0.634495
58199 0.160201 0.1 0.644115 0.624909 0.6233
58249 0.161103 0.1 0.637001 0.631063 0.63093
58299 0.158711 0.1 0.646566 0.632857 0.643319
58349 0.155382 0.1 0.633908 0.641841 0.63098
58399 0.162788 0.1 0.644471 0.634252 0.63013
58449 0.164835 0.1 0.651436 0.628727 0.628155
58499 0.156367 0.1 0.640623 0.633192 0.635848
58549 0.162513 0.1 0.650071 0.620308 0.621397
58599 0.161006 0.1 0.64716 0.627494 0.631769
58649 0.160939 0.1 0.660917 0.628098 0.633956
58699 0.160901 0.1 0.640541 0.630879 0.628143
58749 0.161542 0.1 0.635554 0.629926 0.63639
58799 0.158831 0.1 0.650163 0.637833 0.632174
58849 0.157988 0.1 0.641806 0.62122 0.635443
58899 0.167824 0.1 0.657867 0.637126 0.636671
58949 0.163186 0.1 0.645767 0.626085 0.618546
58999 0.157676 0.1 0.652088 0.634492 0.636217
59049 0.167174 0.1 0.651168 0.617592 0.634978
59099 0.163249 0.1 0.634356 0.611655 0.632093
59149 0.159827 0.1 0.647493 0.634065 0.643401
59199 0.160566 0.1 0.651953 0.635913 0.62478
59249 0.15679 0.1 0.641631 0.630337 0.63976
59299 0.16514 0.1 0.651009 0.637759 0.635288
59349 0.161833 0.1 0.637507 0.623782 0.634668
59399 0.165712 0.1 0.644982 0.630214 0.63142
59449 0.168964 0.1 0.633082 0.614997 0.639713
59499 0.158646 0.1 0.646845 0.634403 0.643926
59549 0.160796 0.1 0.626606 0.627816 0.63094
59599 0.157503 0.1 0.649816 0.616793 0.627849
59649 0.16682 0.1 0.643938 0.630747 0.617497
59699 0.15998 0.1 0.643469 0.626624 0.644419
59749 0.168309 0.1 0.643999 0.626203 0.633804
59799 0.159045 0.1 0.654532 0.623005 0.635561
59849 0.157465 0.1 0.642836 0.622213 0.653136
59899 0.160974 0.1 0.658066 0.628561 0.640444
59949 0.156915 0.1 0.644746 0.635731 0.621011
59999 0.167839 0.1 0.656629 0.643674 0.63953
60049 0.162786 0.1 0.632737 0.626708 0.628216
60099 0.160501 0.1 0.649752 0.622665 0.633617
60149 0.164552 0.1 0.636562 0.62887 0.636596
60199 0.156359 0.1 0.650654 0.629987 0.629568
60249 0.15431 0.1 0.63539 0.635125 0.636531
60299 0.158944 0.1 0.654021 0.621759 0.635308
60349 0.157787 0.1 0.654257 0.614435 0.645611
60399 0.16239 0.1 0.639986 0.630544 0.635896
60449 0.165717 0.1 0.628725 0.634322 0.62803
60499 0.156575 0.1 0.657344 0.632573 0.645236
60549 0.160168 0.1 0.638975 0.623356 0.634978
60599 0.160857 0.1 0.653719 0.624681 0.631564
60649 0.158506 0.1 0.650371 0.626319 0.629881
60699 0.154373 0.1 0.645562 0.619104 0.636168
60749 0.159235 0.1 0.635992 0.620307 0.640333
60799 0.157349 0.1 0.647997 0.629993 0.641834
60849 0.158271 0.1 0.63307 0.654118 0.633404
60899 0.162012 0.1 0.644144 0.621748 0.629716
60949 0.157257 0.1 0.626596 0.636082 0.635028
60999 0.165824 0.1 0.649197 0.626968 0.635978
61049 0.157565 0.1 0.640291 0.614022 0.627237
61099 0.157513 0.1 0.642466 0.625202 0.638135
61149 0.164055 0.1 0.654676 0.626047 0.621276
61199 0.156688 0.1 0.637549 0.643373 0.629499
61249 0.158321 0.1 0.646339 0.628426 0.640349
61299 0.166305 0.1 0.648855 0.637933 0.631977
61349 0.151928 0.1 0.66576 0.627315 0.635835
61399 0.159851 0.1 0.636815 0.634007 0.63915
61449 0.156629 0.1 0.651547 0.631983 0.628689
61499 0.157118 0.1 0.652592 0.621323 0.63534
61549 0.155565 0.1 0.632353 0.631107 0.634396
61599 0.162284 0.1 0.633756 0.630716 0.633051
61649 0.155818 0.1 0.64296 0.639756 0.632777
61699 0.159272 0.1 0.636592 0.625071 0.635102
61749 0.154072 0.1 0.632155 0.627383 0.637151
61799 0.153649 0.1 0.643489 0.623934 0.634892
61849 0.168016 0.1 0.652727 0.632536 0.646773
61899 0.163817 0.1 0.65119 0.631797 0.627861
61949 0.155728 0.1 0.644696 0.635401 0.629563
61999 0.160825 0.1 0.64128 0.628246 0.63309
62049 0.1564 0.1 0.63725 0.625638 0.630418
62099 0.155416 0.1 0.648479 0.623366 0.638756
62149 0.154928 0.1 0.641584 0.631959 0.645402
62199 0.154497 0.1 0.651185 0.634309 0.63946
62249 0.158196 0.1 0.631836 0.616119 0.633543
62299 0.157508 0.1 0.642144 0.627784 0.632989
62349 0.157134 0.1 0.649187 0.629073 0.6381
62399 0.160248 0.1 0.644629 0.629188 0.635623
62449 0.155714 0.1 0.64052 0.626157 0.643772
62499 0.152204 0.1 0.635979 0.62957 0.636371
62549 0.158559 0.1 0.644196 0.619925 0.640556
62599 0.157287 0.1 0.634189 0.627725 0.633793
62649 0.156084 0.1 0.647508 0.617523 0.640848
62699 0.159334 0.1 0.653966 0.626418 0.631131
62749 0.158128 0.1 0.6556 0.62163 0.624926
62799 0.156106 0.1 0.647398 0.620347 0.63312
62849 0.159561 0.1 0.644587 0.623925 0.626966
62899 0.160322 0.1 0.648875 0.63462 0.634174
62949 0.160932 0.1 0.633148 0.628781 0.634559
62999 0.158103 0.1 0.649097 0.623111 0.630332
63049 0.154463 0.1 0.637839 0.63368 0.642238
63099 0.153462 0.1 0.65855 0.613347 0.633805
63149 0.157209 0.1 0.647132 0.637521 0.63235
63199 0.160173 0.1 0.64334 0.630203 0.645457
63249 0.15551 0.1 0.640688 0.624771 0.62634
63299 0.158269 0.1 0.640251 0.618385 0.63586
63349 0.159062 0.1 0.637173 0.628202 0.636026
63399 0.153391 0.1 0.647385 0.622359 0.640911
63449 0.155342 0.1 0.650458 0.625735 0.634857
63499 0.158128 0.1 0.643771 0.625761 0.626921
63549 0.153322 0.1 0.646648 0.623292 0.62698
63599 0.154578 0.1 0.644272 0.631055 0.630562
63649 0.159516 0.1 0.636924 0.62956 0.635133
63699 0.160076 0.1 0.649548 0.621242 0.623913
63749 0.155968 0.1 0.64345 0.627321 0.642069
63799 0.156346 0.1 0.63243 0.619639 0.626767
63849 0.162659 0.1 0.642565 0.615464 0.632196
63899 0.153366 0.1 0.651444 0.637214 0.63194
63949 0.163109 0.1 0.646016 0.621212 0.627009
63999 0.15319 0.1 0.654727 0.617528 0.637356
64049 0.154708 0.1 0.643501 0.637287 0.623404
64099 0.155027 0.1 0.650787 0.637212 0.630183
64149 0.148008 0.1 0.64093 0.62755 0.640232
64199 0.156327 0.1 0.647193 0.63446 0.627871
64249 0.150099 0.1 0.648012 0.636886 0.633636
64299 0.153802 0.1 0.647212 0.618004 0.631252
64349 0.157794 0.1 0.64532 0.629707 0.632424
64399 0.153303 0.1 0.632262 0.618651 0.630188
64449 0.155984 0.1 0.653344 0.624994 0.640149
64499 0.153881 0.1 0.638806 0.637433 0.643554
64549 0.153696 0.1 0.650988 0.623977 0.638562
64599 0.154763 0.1 0.642481 0.629206 0.635388
64649 0.156742 0.1 0.638766 0.617409 0.631535
64699 0.155613 0.1 0.655758 0.624208 0.634643
64749 0.156784 0.1 0.65865 0.625664 0.632911
64799 0.156983 0.1 0.635301 0.622084 0.647415
64849 0.15757 0.1 0.648081 0.618188 0.631231
64899 0.152479 0.1 0.646582 0.630008 0.62755
64949 0.156238 0.1 0.650622 0.641776 0.638858
64999 0.152683 0.1 0.647249 0.638941 0.638262
65049 0.153955 0.1 0.651598 0.635976 0.645403
65099 0.156246 0.1 0.651119 0.632097 0.627387
65149 0.159145 0.1 0.641147 0.631998 0.641109
65199 0.15659 0.1 0.647757 0.621482 0.632569
65249 0.156258 0.1 0.649181 0.629046 0.636082
65299 0.155972 0.1 0.638396 0.636151 0.628571
65349 0.152598 0.1 0.641713 0.633431 0.63079
65399 0.14613 0.1 0.640826 0.61766 0.632408
65449 0.154391 0.1 0.624693 0.623736 0.629445
65499 0.151902 0.1 0.635175 0.636252 0.626708
65549 0.153109 0.1 0.641915 0.629483 0.63436
65599 0.14853 0.1 0.648036 0.631 0.636264
65649 0.153403 0.1 0.641345 0.619071 0.642491
65699 0.151647 0.1 0.658158 0.641382 0.636978
65749 0.150254 0.1 0.651498 0.635029 0.633092
65799 0.155093 0.1 0.630625 0.635753 0.640256
65849 0.151755 0.1 0.652672 0.632787 0.641235
65899 0.155837 0.1 0.656435 0.634759 0.636339
65949 0.15783 0.1 0.643576 0.63637 0.640656
65999 0.154883 0.1 0.648862 0.61273 0.631114
66049 0.150442 0.1 0.647802 0.634474 0.630464
66099 0.152089 0.1 0.637448 0.623379 0.637289
66149 0.153525 0.1 0.648279 0.632928 0.64114
66199 0.156817 0.1 0.647195 0.620914 0.630149
66249 0.152928 0.1 0.651933 0.623439 0.632166
66299 0.151847 0.1 0.642855 0.625492 0.635065
66349 0.155206 0.1 0.640177 0.624001 0.643536
66399 0.153062 0.1 0.634386 0.629863 0.63675
66449 0.150864 0.1 0.634526 0.625407 0.637014
66499 0.149049 0.1 0.640504 0.62589 0.631327
66549 0.160348 0.1 0.644599 0.623407 0.629875
66599 0.1531 0.1 0.645369 0.624477 0.633688
66649 0.152433 0.1 0.638427 0.638095 0.635138
66699 0.150689 0.1 0.644404 0.623971 0.645077
66749 0.155268 0.1 0.649567 0.637457 0.635282
66799 0.14673 0.1 0.656652 0.620978 0.627257
66849 0.154119 0.1 0.63777 0.640917 0.643599
66899 0.152992 0.1 0.650038 0.626167 0.628928
66949 0.153514 0.1 0.641392 0.634275 0.621381
66999 0.149678 0.1 0.642399 0.629757 0.634629
67049 0.153237 0.1 0.642673 0.626434 0.630863
67099 0.153086 0.1 0.642418 0.63608 0.628183
67149 0.155612 0.1 0.634079 0.62612 0.640465
67199 0.150578 0.1 0.64575 0.641816 0.630709
67249 0.153536 0.1 0.64229 0.636364 0.630761
67299 0.149819 0.1 0.660803 0.625234 0.649936
67349 0.144841 0.1 0.637961 0.62233 0.625378
67399 0.152473 0.1 0.647856 0.620981 0.628805
67449 0.151825 0.1 0.653613 0.627608 0.644159
67499 0.154533 0.1 0.643269 0.628816 0.63035
67549 0.152607 0.1 0.648358 0.620691 0.636057
67599 0.152835 0.1 0.647417 0.631898 0.630309
67649 0.152105 0.1 0.647942 0.62408 0.638319
67699 0.151141 0.1 0.649813 0.648364 0.625056
67749 0.155617 0.1 0.652141 0.623429 0.62095
67799 0.149702 0.1 0.640132 0.632868 0.629135
67849 0.152621 0.1 0.634099 0.637993 0.637135
67899 0.15342 0.1 0.642478 0.622578 0.625433
67949 0.154693 0.1 0.649101 0.61216 0.639487
67999 0.151702 0.1 0.644151 0.626199 0.632699
68049 0.154365 0.1 0.651927 0.630332 0.628253
68099 0.15182 0.1 0.647892 0.64712 0.642167
68149 0.15656 0.1 0.640529 0.622031 0.642954
68199 0.15154 0.1 0.653564 0.627506 0.643447
68249 0.151515 0.1 0.648034 0.626645 0.628285
68299 0.155193 0.1 0.631425 0.624579 0.630286
68349 0.153407 0.1 0.647665 0.614309 0.633543
68399 0.155223 0.1 0.638438 0.618526 0.63756
68449 0.154931 0.1 0.654305 0.624242 0.638589
68499 0.150798 0.1 0.639708 0.628105 0.634537
68549 0.147594 0.1 0.654592 0.616616 0.634317
68599 0.151113 0.1 0.652144 0.623277 0.628124
68649 0.157596 0.1 0.640506 0.63482 0.630791
68699 0.152049 0.1 0.636871 0.625821 0.63006
68749 0.153196 0.1 0.63895 0.630098 0.630543
68799 0.150913 0.1 0.642778 0.63034 0.630694
68849 0.150446 0.1 0.653147 0.62162 0.630762
68899 0.152532 0.1 0.655392 0.625844 0.630623
68949 0.150068 0.1 0.647949 0.641692 0.633177
68999 0.146655 0.1 0.65457 0.625821 0.626498
69049 0.156637 0.1 0.6525 0.632505 0.631407
69099 0.148195 0.1 0.649678 0.611526 0.628858
69149 0.151526 0.1 0.653043 0.622767 0.638605
69199 0.152628 0.1 0.63086 0.623266 0.634327
69249 0.154101 0.1 0.631455 0.619472 0.631886
69299 0.153463 0.1 0.63156 0.624998 0.629704
69349 0.154893 0.1 0.651858 0.618977 0.647348
69399 0.152145 0.1 0.634135 0.635476 0.631443
69449 0.148539 0.1 0.639966 0.62886 0.63047
69499 0.147341 0.1 0.63709 0.63258 0.648606
69549 0.149501 0.1 0.642478 0.634313 0.641501
69599 0.149352 0.1 0.642421 0.617648 0.627593
69649 0.151544 0.1 0.644183 0.640772 0.643667
69699 0.154612 0.1 0.646589 0.640168 0.620833
69749 0.152893 0.1 0.643438 0.630045 0.644289
69799 0.14429 0.1 0.65179 0.643158 0.625317
69849 0.151723 0.1 0.645971 0.624086 0.636887
69899 0.155483 0.1 0.64265 0.627355 0.636029
69949 0.149466 0.1 0.635034 0.633513 0.632222
69999 0.147918 0.1 0.635565 0.628568 0.633762
70049 0.151 0.1 0.636852 0.627658 0.632833
70099 0.146641 0.1 0.65576 0.621874 0.63852
70149 0.14795 0.1 0.648475 0.635656 0.62908
70199 0.148695 0.1 0.645001 0.624611 0.62686
70249 0.152256 0.1 0.653059 0.61246 0.627723
70299 0.143194 0.1 0.635926 0.621256 0.63669
70349 0.147438 0.1 0.637695 0.618447 0.636774
70399 0.148107 0.1 0.640852 0.633213 0.638573
70449 0.149491 0.1 0.655966 0.627923 0.63282
70499 0.149203 0.1 0.64407 0.625709 0.633109
70549 0.147684 0.1 0.637077 0.639426 0.633001
70599 0.150936 0.1 0.64699 0.625961 0.63023
70649 0.145959 0.1 0.639026 0.633934 0.633738
70699 0.152627 0.1 0.64279 0.628983 0.632156
70749 0.150133 0.1 0.652437 0.633976 0.633671
70799 0.152718 0.1 0.635815 0.628706 0.628323
70849 0.150761 0.1 0.646708 0.626199 0.632644
70899 0.149115 0.1 0.663243 0.616519 0.6353
70949 0.146774 0.1 0.640802 0.62199 0.633099
70999 0.152483 0.1 0.645088 0.629208 0.628138
71049 0.147576 0.1 0.642551 0.626429 0.631123
71099 0.14835 0.1 0.661834 0.620238 0.627128
71149 0.148013 0.1 0.650683 0.631716 0.619167
71199 0.148462 0.1 0.637335 0.621476 0.632745
71249 0.144571 0.1 0.653432 0.613996 0.631612
71299 0.142059 0.1 0.633238 0.636668 0.637503
71349 0.14724 0.1 0.624797 0.628982 0.629363
71399 0.143298 0.1 0.642265 0.627547 0.635985
71449 0.150118 0.1 0.639508 0.639607 0.637145
71499 0.154524 0.1 0.629778 0.618998 0.627917
71549 0.144778 0.1 0.647471 0.622037 0.627837
71599 0.14993 0.1 0.656394 0.632907 0.635858
71649 0.14292 0.1 0.646112 0.625467 0.622545
71699 0.146551 0.1 0.640791 0.617164 0.637714
71749 0.14764 0.1 0.643627 0.633094 0.624088
71799 0.14809 0.1 0.646788 0.620846 0.616998
71849 0.14481 0.1 0.649374 0.615787 0.637719
71899 0.143551 0.1 0.647761 0.629189 0.617254
71949 0.153296 0.1 0.63701 0.627809 0.629866
71999 0.145415 0.1 0.641311 0.632015 0.634839
72049 0.147715 0.1 0.651259 0.617859 0.627951
72099 0.14484 0.1 0.639459 0.634897 0.627192
72149 0.145149 0.1 0.629656 0.633148 0.632867
72199 0.147506 0.1 0.642056 0.619045 0.623294
72249 0.143561 0.1 0.63776 0.623922 0.638076
72299 0.156522 0.1 0.626537 0.629815 0.633165
72349 0.147925 0.1 0.638732 0.62964 0.619053
72399 0.145241 0.1 0.638695 0.619429 0.623157
72449 0.14446 0.1 0.636859 0.630846 0.630412
72499 0.144732 0.1 0.653103 0.639449 0.633537
72549 0.146142 0.1 0.641258 0.633341 0.619122
72599 0.1434 0.1 0.636489 0.638052 0.631859
72649 0.148274 0.1 0.638545 0.618927 0.636629
72699 0.147136 0.1 0.63707 0.631443 0.628472
72749 0.146433 0.1 0.639156 0.627904 0.637342
72799 0.144276 0.1 0.648158 0.627011 0.639343
72849 0.149593 0.1 0.639783 0.635689 0.631469
72899 0.143662 0.1 0.645879 0.626177 0.638292
72949 0.142366 0.1 0.645161 0.617725 0.631468
72999 0.149946 0.1 0.651466 0.629134 0.640462
73049 0.141744 0.1 0.639277 0.623088 0.628088
73099 0.146497 0.1 0.63713 0.626308 0.631097
73149 0.148475 0.1 0.650114 0.621218 0.627753
73199 0.147043 0.1 0.64554 0.61702 0.62297
73249 0.146909 0.1 0.645869 0.628475 0.635897
73299 0.146629 0.1 0.649126 0.632986 0.61859
73349 0.152833 0.1 0.643827 0.627801 0.631893
73399 0.145093 0.1 0.644906 0.632045 0.615027
73449 0.147922 0.1 0.643929 0.62946 0.62807
73499 0.145626 0.1 0.624567 0.632295 0.632621
73549 0.145882 0.1 0.652899 0.632959 0.631262
73599 0.147411 0.1 0.638114 0.633256 0.62435
73649 0.144725 0.1 0.648759 0.628088 0.631279
73699 0.148451 0.1 0.642888 0.620225 0.625538
73749 0.148451 0.1 0.638315 0.633799 0.634892
73799 0.143723 0.1 0.627579 0.61813 0.627796
73849 0.146032 0.1 0.631951 0.640771 0.622535
73899 0.148158 0.1 0.643865 0.626727 0.6225
73949 0.147274 0.1 0.642017 0.63281 0.628674
73999 0.145174 0.1 0.646674 0.632395 0.633826
74049 0.140591 0.1 0.639735 0.624506 0.624082
74099 0.144322 0.1 0.64739 0.636834 0.634594
74149 0.14498 0.1 0.642017 0.62333 0.636378
74199 0.151354 0.1 0.646521 0.625835 0.629586
74249 0.143419 0.1 0.629565 0.636 0.636187
74299 0.142958 0.1 0.63958 0.626667 0.630053
74349 0.144369 0.1 0.645214 0.630584 0.623881
74399 0.147069 0.1 0.638191 0.614493 0.620772
74449 0.149622 0.1 0.633561 0.616649 0.631357
74499 0.146114 0.1 0.641267 0.62162 0.621701
74549 0.145609 0.1 0.658997 0.628793 0.622228
74599 0.144028 0.1 0.637033 0.637019 0.625016
74649 0.149232 0.1 0.641192 0.613915 0.630051
74699 0.146621 0.1 0.630978 0.635167 0.627678
74749 0.140786 0.1 0.647474 0.636913 0.614741
74799 0.142466 0.1 0.646018 0.61812 0.628358
74849 0.147485 0.1 0.646691 0.627857 0.629721
74899 0.146569 0.1 0.657364 0.620731 0.631302
74949 0.145631 0.1 0.646333 0.632875 0.628721
74999 0.144145 0.1 0.630382 0.636751 0.635962
75049 0.14939 0.1 0.644205 0.632473 0.643649
75099 0.147017 0.1 0.649757 0.640514 0.628257
75149 0.141055 0.1 0.637745 0.625626 0.621013
75199 0.142458 0.1 0.646551 0.627782 0.630827
75249 0.148289 0.1 0.623176 0.635996 0.629348
75299 0.14695 0.1 0.650771 0.637787 0.626926
75349 0.145691 0.1 0.643754 0.620876 0.62809
75399 0.143109 0.1 0.634961 0.6446 0.614387
75449 0.143907 0.1 0.660592 0.619202 0.631394
75499 0.144452 0.1 0.641825 0.620056 0.619305
75549 0.139327 0.1 0.65243 0.634268 0.628492
75599 0.147575 0.1 0.642074 0.62332 0.631427
75649 0.144456 0.1 0.636462 0.633312 0.627298
75699 0.141751 0.1 0.645086 0.643203 0.620924
75749 0.146965 0.1 0.631693 0.622202 0.621069
75799 0.145265 0.1 0.632571 0.626776 0.630995
75849 0.14722 0.1 0.652957 0.628757 0.621959
75899 0.14355 0.1 0.64108 0.61639 0.617816
75949 0.144002 0.1 0.653666 0.636222 0.616752
75999 0.147597 0.1 0.654972 0.631795 0.623801
76049 0.147096 0.1 0.642538 0.630876 0.623384
76099 0.148748 0.1 0.651867 0.61356 0.627449
76149 0.145171 0.1 0.645413 0.614555 0.630691
76199 0.136904 0.1 0.636225 0.630172 0.619208
76249 0.144213 0.1 0.640101 0.62134 0.621282
76299 0.138032 0.1 0.641361 0.634587 0.625878
76349 0.150412 0.1 0.652803 0.629265 0.63179
76399 0.141202 0.1 0.64183 0.630272 0.622758
76449 0.148572 0.1 0.637254 0.622352 0.625629
76499 0.143168 0.1 0.645844 0.621059 0.623398
76549 0.14812 0.1 0.650028 0.634893 0.625116
76599 0.146495 0.1 0.64401 0.626934 0.631711
76649 0.143988 0.1 0.639797 0.624672 0.635922
76699 0.148569 0.1 0.644032 0.633348 0.627238
76749 0.145624 0.1 0.628028 0.623392 0.628391
76799 0.142131 0.1 0.642859 0.640576 0.614824
76849 0.144038 0.1 0.633578 0.623437 0.632047
76899 0.146938 0.1 0.636743 0.620664 0.624048
76949 0.148532 0.1 0.642739 0.625497 0.621899
76999 0.146186 0.1 0.65219 0.629601 0.630641
77049 0.139966 0.1 0.647899 0.62726 0.609705
77099 0.146568 0.1 0.654348 0.62251 0.635551
77149 0.146513 0.1 0.643515 0.630234 0.624197
77199 0.1423 0.1 0.656658 0.63815 0.620596
77249 0.140692 0.1 0.64809 0.640409 0.625586
77299 0.154167 0.1 0.648353 0.622492 0.620136
77349 0.139814 0.1 0.647897 0.617731 0.623038
77399 0.146042 0.1 0.646799 0.631006 0.620901
77449 0.14255 0.1 0.652137 0.630197 0.620451
77499 0.147692 0.1 0.649646 0.627547 0.605051
77549 0.14259 0.1 0.642176 0.619619 0.622271
77599 0.141434 0.1 0.654235 0.630205 0.620782
77649 0.143476 0.1 0.659428 0.632073 0.617056
77699 0.147122 0.1 0.652121 0.632828 0.631464
77749 0.143043 0.1 0.636913 0.630126 0.623336
77799 0.144602 0.1 0.640052 0.610242 0.625467
77849 0.144385 0.1 0.624952 0.638603 0.625942
77899 0.145504 0.1 0.639913 0.624815 0.616936
77949 0.140843 0.1 0.650969 0.630329 0.618511
77999 0.140554 0.1 0.654101 0.648502 0.621062
78049 0.140394 0.1 0.642551 0.626641 0.620302
78099 0.142422 0.1 0.644471 0.626291 0.624777
78149 0.139687 0.1 0.640567 0.628759 0.63212
78199 0.142386 0.1 0.64908 0.614641 0.632901
78249 0.14011 0.1 0.653443 0.635837 0.622656
78299 0.141989 0.1 0.629242 0.632821 0.630044
78349 0.143507 0.1 0.656979 0.628349 0.614381
78399 0.141072 0.1 0.646533 0.632211 0.631286
78449 0.140511 0.1 0.649272 0.633305 0.627008
78499 0.146504 0.1 0.638216 0.629327 0.617126
78549 0.141773 0.1 0.651836 0.623771 0.62541
78599 0.143777 0.1 0.640207 0.616983 0.618797
78649 0.143134 0.1 0.634395 0.632669 0.629295
78699 0.148707 0.1 0.637342 0.63587 0.62908
78749 0.141592 0.1 0.643718 0.630839 0.619247
78799 0.139348 0.1 0.640789 0.635504 0.627942
78849 0.144606 0.1 0.646178 0.626327 0.623765
78899 0.14433 0.1 0.649937 0.636567 0.627285
78949 0.144738 0.1 0.638081 0.630737 0.6237
78999 0.141407 0.1 0.640317 0.626911 0.634404
79049 0.146022 0.1 0.644537 0.616263 0.618478
79099 0.14244 0.1 0.634725 0.632696 0.615799
79149 0.143466 0.1 0.645838 0.6198 0.618965
79199 0.141992 0.1 0.642475 0.626417 0.622376
79249 0.144205 0.1 0.637638 0.614334 0.617702
79299 0.146027 0.1 0.635409 0.630623 0.614877
79349 0.143617 0.1 0.638291 0.638387 0.622887
79399 0.141869 0.1 0.640006 0.6214 0.625792
79449 0.143523 0.1 0.651837 0.627185 0.625891
79499 0.141762 0.1 0.64379 0.618886 0.617804
79549 0.143174 0.1 0.648556 0.632466 0.611146
79599 0.14389 0.1 0.644838 0.6427 0.616552
79649 0.147362 0.1 0.632688 0.628352 0.616153
79699 0.142752 0.1 0.647295 0.63236 0.624252
79749 0.148824 0.1 0.642165 0.629904 0.621794
79799 0.141807 0.1 0.651503 0.634676 0.624407
79849 0.144279 0.1 0.656179 0.633312 0.619424
79899 0.144268 0.1 0.652624 0.62717 0.61793
79949 0.14311 0.1 0.650387 0.62175 0.623034
79999 0.14433 0.1 0.646335 0.633242 0.624564
80049 0.142892 0.1 0.634585 0.621746 0.633255
80099 0.143966 0.1 0.642601 0.623998 0.611742
80149 0.140427 0.1 0.650516 0.630669 0.624974
80199 0.141961 0.1 0.654138 0.630115 0.626331
80249 0.137668 0.1 0.650519 0.632306 0.618664
80299 0.141891 0.1 0.627553 0.628395 0.631182
80349 0.142733 0.1 0.642024 0.633876 0.624935
80399 0.143354 0.1 0.64178 0.609631 0.628514
80449 0.140223 0.1 0.648314 0.633692 0.620314
80499 0.141788 0.1 0.655468 0.618657 0.614312
80549 0.142393 0.1 0.652413 0.634195 0.625657
80599 0.142976 0.1 0.641789 0.627329 0.619948
80649 0.134593 0.1 0.653984 0.614864 0.623349
80699 0.139417 0.1 0.643793 0.625018 0.612558
80749 0.141498 0.1 0.641742 0.620771 0.619208
80799 0.141289 0.1 0.64662 0.614487 0.625779
80849 0.146831 0.1 0.644799 0.621951 0.625731
80899 0.138969 0.1 0.654469 0.624363 0.636539
80949 0.139215 0.1 0.649546 0.625112 0.628812
80999 0.139191 0.1 0.650675 0.646698 0.616077
81049 0.143366 0.1 0.645078 0.632153 0.62361
81099 0.137918 0.1 0.651021 0.632003 0.618247
81149 0.148122 0.1 0.645641 0.630543 0.615232
81199 0.140899 0.1 0.640632 0.63894 0.622879
81249 0.143812 0.1 0.637893 0.630608 0.639875
81299 0.143079 0.1 0.648925 0.625198 0.622783
81349 0.138822 0.1 0.643213 0.608679 0.615136
81399 0.137406 0.1 0.640108 0.617686 0.624937
81449 0.138172 0.1 0.638022 0.621486 0.61758
81499 0.141699 0.1 0.643265 0.631073 0.62749
81549 0.136822 0.1 0.65311 0.621573 0.631534
81599 0.138902 0.1 0.649983 0.61876 0.614185
81649 0.14075 0.1 0.651646 0.63006 0.623574
81699 0.143321 0.1 0.639855 0.630475 0.618298
81749 0.14737 0.1 0.639209 0.633639 0.62249
81799 0.135548 0.1 0.647842 0.616555 0.628674
81849 0.146099 0.1 0.640084 0.621301 0.636718
81899 0.133261 0.1 0.651835 0.633288 0.616134
81949 0.144121 0.1 0.652511 0.632562 0.619101
81999 0.140704 0.1 0.636032 0.612913 0.618817
82049 0.141871 0.1 0.647016 0.62817 0.620747
82099 0.135323 0.1 0.650805 0.62103 0.621453
82149 0.140187 0.1 0.64452 0.630882 0.609161
82199 0.140226 0.1 0.629025 0.634888 0.605187
82249 0.143717 0.1 0.653646 0.625757 0.624351
82299 0.143052 0.1 0.635818 0.628974 0.621457
82349 0.139006 0.1 0.65198 0.61771 0.621804
82399 0.142444 0.1 0.644222 0.635261 0.622425
82449 0.144223 0.1 0.646446 0.628324 0.619723
82499 0.142898 0.1 0.649055 0.61946 0.625385
82549 0.140087 0.1 0.640361 0.632237 0.621993
82599 0.14155 0.1 0.643261 0.629419 0.612525
82649 0.141068 0.1 0.65443 0.6343 0.627513
82699 0.143955 0.1 0.643071 0.631066 0.619618
82749 0.143224 0.1 0.65606 0.638822 0.625921
82799 0.139597 0.1 0.646488 0.631557 0.61721
82849 0.138829 0.1 0.625056 0.62671 0.619893
82899 0.142675 0.1 0.638835 0.614237 0.619424
82949 0.140372 0.1 0.657456 0.632153 0.614888
82999 0.140362 0.1 0.654638 0.619765 0.616776
83049 0.136892 0.1 0.653405 0.628915 0.627373
83099 0.140403 0.1 0.635697 0.627417 0.623286
83149 0.137565 0.1 0.652136 0.630042 0.615961
83199 0.141802 0.1 0.639357 0.625601 0.615704
83249 0.139855 0.1 0.647039 0.623519 0.615899
83299 0.141418 0.1 0.653158 0.631596 0.619165
83349 0.145577 0.1 0.64908 0.631068 0.634816
83399 0.143503 0.1 0.646253 0.630253 0.619926
83449 0.143366 0.1 0.653321 0.637917 0.618413
83499 0.14064 0.1 0.641356 0.631191 0.617396
83549 0.14514 0.1 0.646926 0.629065 0.620778
83599 0.144452 0.1 0.660163 0.631374 0.623842
83649 0.1422 0.1 0.642961 0.629287 0.615869
83699 0.137968 0.1 0.640512 0.621604 0.630356
83749 0.138473 0.1 0.648009 0.645477 0.613256
83799 0.143673 0.1 0.642194 0.623923 0.615712
83849 0.135674 0.1 0.645169 0.626152 0.614729
83899 0.13854 0.1 0.644871 0.633202 0.621326
83949 0.144248 0.1 0.657213 0.634997 0.614855
83999 0.136976 0.1 0.645179 0.629943 0.626614
84049 0.142986 0.1 0.640321 0.624599 0.620073
84099 0.141619 0.1 0.650904 0.6284 0.618967
84149 0.138166 0.1 0.648157 0.630968 0.624765
84199 0.139608 0.1 0.64822 0.63732 0.621279
84249 0.14028 0.1 0.656211 0.630246 0.625078
84299 0.143172 0.1 0.63812 0.631089 0.622029
84349 0.141887 0.1 0.641391 0.616918 0.615671
84399 0.14065 0.1 0.64505 0.636639 0.613554
84449 0.141663 0.1 0.641564 0.632489 0.620331
84499 0.136121 0.1 0.650308 0.623274 0.619192
84549 0.142192 0.1 0.649687 0.629931 0.615728
84599 0.141701 0.1 0.643014 0.615645 0.62596
84649 0.141367 0.1 0.656191 0.624024 0.620529
84699 0.138884 0.1 0.637128 0.627332 0.618709
84749 0.137614 0.1 0.644434 0.621416 0.616252
84799 0.136274 0.1 0.648218 0.63836 0.63145
84849 0.139489 0.1 0.647217 0.627697 0.625372
84899 0.137019 0.1 0.652839 0.611579 0.634759
84949 0.141387 0.1 0.658432 0.62164 0.621255
84999 0.141873 0.1 0.636954 0.617244 0.626521
85049 0.13815 0.1 0.64656 0.633905 0.626709
85099 0.138802 0.1 0.632131 0.622368 0.618083
85149 0.135643 0.1 0.650904 0.637807 0.620233
85199 0.13741 0.1 0.648967 0.640602 0.614272
85249 0.137532 0.1 0.658749 0.627267 0.627614
85299 0.139298 0.1 0.649619 0.617259 0.62534
85349 0.137673 0.1 0.646984 0.632901 0.626968
85399 0.138638 0.1 0.651263 0.6295 0.627611
85449 0.13947 0.1 0.65175 0.631249 0.619952
85499 0.135987 0.1 0.645552 0.614917 0.628285
85549 0.138559 0.1 0.64612 0.602857 0.626929
85599 0.137509 0.1 0.644329 0.631367 0.620356
85649 0.147411 0.1 0.658782 0.633177 0.624062
85699 0.137225 0.1 0.645705 0.617462 0.619858
85749 0.136771 0.1 0.653241 0.630688 0.618641
85799 0.137515 0.1 0.645672 0.63097 0.628595
85849 0.139015 0.1 0.642323 0.642631 0.622867
85899 0.143645 0.1 0.634324 0.638737 0.609418
85949 0.141205 0.1 0.647755 0.635686 0.624303
85999 0.131242 0.1 0.638284 0.634174 0.620155
86049 0.139271 0.1 0.639069 0.625917 0.623451
86099 0.132271 0.1 0.636834 0.629839 0.612855
86149 0.144678 0.1 0.644681 0.622193 0.615029
86199 0.137852 0.1 0.643402 0.615835 0.622061
86249 0.135012 0.1 0.658566 0.62197 0.62384
86299 0.138895 0.1 0.633369 0.618741 0.625626
86349 0.14333 0.1 0.640699 0.626736 0.627463
86399 0.136492 0.1 0.651414 0.629891 0.616298
86449 0.136526 0.1 0.642249 0.634108 0.623448
86499 0.136591 0.1 0.638434 0.631162 0.627353
86549 0.142609 0.1 0.642782 0.629103 0.621704
86599 0.134722 0.1 0.641735 0.62028 0.617862
86649 0.142422 0.1 0.645622 0.618636 0.632289
86699 0.136528 0.1 0.647403 0.639531 0.617971
86749 0.137856 0.1 0.642182 0.626138 0.621096
86799 0.138759 0.1 0.65082 0.635876 0.622073
86849 0.134351 0.1 0.645721 0.620304 0.619816
86899 0.135633 0.1 0.644925 0.62977 0.61117
86949 0.136674 0.1 0.657728 0.630757 0.617115
86999 0.140942 0.1 0.645041 0.621994 0.623219
87049 0.139788 0.1 0.632349 0.628322 0.631762
87099 0.137945 0.1 0.637934 0.61811 0.633271
87149 0.136493 0.1 0.639605 0.627107 0.630381
87199 0.140165 0.1 0.637501 0.626122 0.624299
87249 0.138442 0.1 0.64787 0.614978 0.630532
87299 0.137905 0.1 0.634019 0.62709 0.63457
87349 0.13889 0.1 0.665363 0.636226 0.630687
87399 0.135751 0.1 0.655388 0.617681 0.620939
87449 0.136283 0.1 0.651514 0.629754 0.634833
87499 0.137285 0.1 0.63753 0.624005 0.627659
87549 0.138935 0.1 0.651233 0.626076 0.620391
87599 0.139065 0.1 0.652046 0.6289 0.633473
87649 0.140506 0.1 0.633037 0.646477 0.627157
87699 0.140807 0.1 0.648866 0.624139 0.632898
87749 0.14062 0.1 0.645492 0.624662 0.637444
87799 0.134829 0.1 0.635236 0.634431 0.619269
87849 0.141111 0.1 0.642905 0.629053 0.615826
87899 0.139486 0.1 0.643384 0.628733 0.618568
87949 0.13922 0.1 0.647046 0.654813 0.629633
87999 0.139823 0.1 0.645888 0.627658 0.624206
88049 0.135502 0.1 0.648994 0.621598 0.628868
88099 0.135836 0.1 0.654547 0.63447 0.629652
88149 0.139816 0.1 0.654404 0.626317 0.627751
88199 0.137874 0.1 0.648929 0.61861 0.630527
88249 0.135178 0.1 0.651407 0.631146 0.621981
88299 0.140648 0.1 0.640871 0.631879 0.624337
88349 0.134744 0.1 0.648578 0.626004 0.627935
88399 0.13853 0.1 0.648538 0.633155 0.639788
88449 0.132172 0.1 0.648123 0.624178 0.625129
88499 0.133343 0.1 0.648669 0.628373 0.632258
88549 0.134956 0.1 0.648982 0.627577 0.6205
88599 0.134911 0.1 0.638076 0.625981 0.630687
88649 0.136008 0.1 0.65752 0.61947 0.626004
88699 0.13709 0.1 0.644135 0.639838 0.6275
88749 0.136946 0.1 0.642017 0.626919 0.631316
88799 0.134263 0.1 0.657233 0.620638 0.619027
88849 0.141769 0.1 0.621729 0.608401 0.623543
88899 0.136696 0.1 0.639246 0.633557 0.621147
88949 0.133147 0.1 0.641908 0.628618 0.623973
88999 0.14274 0.1 0.643189 0.628497 0.62237
89049 0.137267 0.1 0.640897 0.626333 0.625816
89099 0.140638 0.1 0.655898 0.637337 0.625552
89149 0.13792 0.1 0.650062 0.63267 0.628431
89199 0.13734 0.1 0.660579 0.63941 0.619641
89249 0.136964 0.1 0.655588 0.63255 0.62466
89299 0.1386 0.1 0.641617 0.627977 0.612782
89349 0.13725 0.1 0.64005 0.616125 0.618794
89399 0.137059 0.1 0.645891 0.628191 0.61925
89449 0.130804 0.1 0.645058 0.626369 0.630061
89499 0.132416 0.1 0.653118 0.618807 0.614406
89549 0.134321 0.1 0.652285 0.626565 0.626735
89599 0.13508 0.1 0.658893 0.634737 0.627913
89649 0.136202 0.1 0.648244 0.639561 0.624667
89699 0.133286 0.1 0.652253 0.615214 0.615512
89749 0.133834 0.1 0.654241 0.615299 0.625503
89799 0.135684 0.1 0.642577 0.624965 0.615875
89849 0.133515 0.1 0.658014 0.634501 0.619586
89899 0.138172 0.1 0.647709 0.626431 0.620552
89949 0.136596 0.1 0.644804 0.624747 0.626678
89999 0.135997 0.1 0.645921 0.615715 0.625157
90049 0.136664 0.1 0.655675 0.633689 0.625317
90099 0.138892 0.1 0.659947 0.628978 0.62245
90149 0.134176 0.1 0.658993 0.630499 0.628104
90199 0.136433 0.1 0.648077 0.623357 0.629543
90249 0.13281 0.1 0.6529 0.625286 0.617667
90299 0.136129 0.1 0.648099 0.64451 0.617626
90349 0.140782 0.1 0.64515 0.630914 0.621254
90399 0.139718 0.1 0.643457 0.627432 0.623399
90449 0.135298 0.1 0.658269 0.639069 0.627272
90499 0.128126 0.1 0.655728 0.633585 0.620316
90549 0.13023 0.1 0.651887 0.627585 0.623334
90599 0.133411 0.1 0.649413 0.639957 0.622686
90649 0.139797 0.1 0.661099 0.626243 0.622446
90699 0.136455 0.1 0.647941 0.632768 0.631013
90749 0.133597 0.1 0.638548 0.64037 0.625494
90799 0.1313 0.1 0.646262 0.624703 0.627916
90849 0.13264 0.1 0.653999 0.633418 0.621526
90899 0.138621 0.1 0.661829 0.625646 0.628881
90949 0.136961 0.1 0.654301 0.648228 0.623508
90999 0.137636 0.1 0.641983 0.631259 0.625575
91049 0.133815 0.1 0.648748 0.62021 0.618362
91099 0.132231 0.1 0.640001 0.632698 0.627327
91149 0.135169 0.1 0.651906 0.62326 0.62691
91199 0.131211 0.1 0.639629 0.634958 0.631544
91249 0.12979 0.1 0.643106 0.620889 0.62814
91299 0.13134 0.1 0.645695 0.638581 0.62453
91349 0.129841 0.1 0.6379 0.629963 0.631216
91399 0.134357 0.1 0.638098 0.623964 0.62177
91449 0.137052 0.1 0.654074 0.644741 0.622257
91499 0.131323 0.1 0.650025 0.616926 0.61765
91549 0.136319 0.1 0.645704 0.624359 0.625832
91599 0.134836 0.1 0.642343 0.636138 0.630814
91649 0.135933 0.1 0.640525 0.637852 0.624638
91699 0.130769 0.1 0.637952 0.624753 0.617472
91749 0.134856 0.1 0.643082 0.6258 0.622715
91799 0.135429 0.1 0.642905 0.637196 0.62182
91849 0.137487 0.1 0.654475 0.638919 0.626394
91899 0.135294 0.1 0.655081 0.622724 0.623114
91949 0.133289 0.1 0.658611 0.63384 0.631674
91999 0.135404 0.1 0.650525 0.627537 0.626752
92049 0.133305 0.1 0.651642 0.63777 0.636799
92099 0.13345 0.1 0.64584 0.628947 0.622373
92149 0.134352 0.1 0.657163 0.616741 0.624322
92199 0.132722 0.1 0.650528 0.619638 0.63082
92249 0.135118 0.1 0.638535 0.635913 0.634102
92299 0.137373 0.1 0.635371 0.631731 0.6338
92349 0.131544 0.1 0.644923 0.624437 0.634578
92399 0.131393 0.1 0.645341 0.628901 0.627938
92449 0.132651 0.1 0.648364 0.62581 0.635188
92499 0.131247 0.1 0.639213 0.639299 0.627891
92549 0.13103 0.1 0.64861 0.630895 0.632379
92599 0.130159 0.1 0.653328 0.623003 0.635485
92649 0.136686 0.1 0.63381 0.624114 0.626672
92699 0.133887 0.1 0.642765 0.621397 0.62795
92749 0.128947 0.1 0.643946 0.622994 0.616518
92799 0.13042 0.1 0.641092 0.621658 0.63493
92849 0.12979 0.1 0.651651 0.618234 0.631109
92899 0.130152 0.1 0.657807 0.625548 0.625072
92949 0.128137 0.1 0.640953 0.630419 0.627592
92999 0.135297 0.1 0.635886 0.623165 0.639342
93049 0.136945 0.1 0.653534 0.637953 0.633667
93099 0.134886 0.1 0.641552 0.628578 0.622957
93149 0.136183 0.1 0.649305 0.623958 0.625188
93199 0.136672 0.1 0.647515 0.62152 0.623799
93249 0.137202 0.1 0.651052 0.635471 0.628832
93299 0.137734 0.1 0.637411 0.619594 0.62131
93349 0.128869 0.1 0.657202 0.630896 0.626938
93399 0.135136 0.1 0.63753 0.623492 0.617134
93449 0.134859 0.1 0.635974 0.636853 0.622466
93499 0.130068 0.1 0.662923 0.634322 0.620588
93549 0.129433 0.1 0.652227 0.632215 0.625726
93599 0.131755 0.1 0.650234 0.626165 0.624156
93649 0.133529 0.1 0.65677 0.640021 0.628607
93699 0.133628 0.1 0.647733 0.62688 0.630456
93749 0.131917 0.1 0.643465 0.629813 0.630303
93799 0.132889 0.1 0.641203 0.627485 0.632399
93849 0.131302 0.1 0.658572 0.635456 0.627204
93899 0.131245 0.1 0.647026 0.635158 0.623794
93949 0.137044 0.1 0.659144 0.631935 0.629114
93999 0.130623 0.1 0.641698 0.623971 0.61896
94049 0.128859 0.1 0.63577 0.627396 0.630062
94099 0.130243 0.1 0.635095 0.639084 0.624962
94149 0.131368 0.1 0.652183 0.618057 0.625604
94199 0.131596 0.1 0.653879 0.626662 0.617901
94249 0.134819 0.1 0.643508 0.642574 0.628714
94299 0.130195 0.1 0.658071 0.631138 0.627937
94349 0.128486 0.1 0.632754 0.621816 0.610881
94399 0.129683 0.1 0.649549 0.61427 0.627756
94449 0.133322 0.1 0.658642 0.61972 0.622757
94499 0.12512 0.1 0.639977 0.621466 0.624444
94549 0.129929 0.1 0.661646 0.632652 0.633787
94599 0.130359 0.1 0.645294 0.624106 0.615497
94649 0.131718 0.1 0.653643 0.641846 0.630542
94699 0.130158 0.1 0.659946 0.628298 0.620621
94749 0.132974 0.1 0.655902 0.633936 0.620663
94799 0.126817 0.1 0.652261 0.629894 0.625966
94849 0.129252 0.1 0.647871 0.618933 0.628792
94899 0.129262 0.1 0.639486 0.638091 0.620935
94949 0.130585 0.1 0.641064 0.622834 0.629388
94999 0.134765 0.1 0.648049 0.627137 0.623042
95049 0.132181 0.1 0.640184 0.633153 0.62686
95099 0.129332 0.1 0.655315 0.621472 0.620924
95149 0.131783 0.1 0.648991 0.636671 0.618064
95199 0.131704 0.1 0.661235 0.642449 0.625314
95249 0.134786 0.1 0.652428 0.630208 0.625569
95299 0.128322 0.1 0.640234 0.619495 0.627002
95349 0.129158 0.1 0.649466 0.640659 0.634241
95399 0.131682 0.1 0.64787 0.618146 0.643242
95449 0.131203 0.1 0.650235 0.622608 0.638934
95499 0.131918 0.1 0.644196 0.624234 0.631979
95549 0.12759 0.1 0.653767 0.641587 0.617718
95599 0.132985 0.1 0.644826 0.634496 0.61059
95649 0.129101 0.1 0.656163 0.632504 0.625574
95699 0.132865 0.1 0.642614 0.622554 0.636619
95749 0.133334 0.1 0.666001 0.61521 0.629758
95799 0.130023 0.1 0.648722 0.640076 0.627495
95849 0.127154 0.1 0.650974 0.627994 0.630211
95899 0.132207 0.1 0.655597 0.610911 0.628439
95949 0.124842 0.1 0.667835 0.637507 0.624078
95999 0.130168 0.1 0.653278 0.628477 0.629615
96049 0.128994 0.1 0.645793 0.634207 0.629645
96099 0.12945 0.1 0.64548 0.631372 0.63268
96149 0.131431 0.1 0.656822 0.636735 0.620021
96199 0.127337 0.1 0.647729 0.630807 0.617481
96249 0.131019 0.1 0.64795 0.627922 0.624942
96299 0.124445 0.1 0.650732 0.627009 0.619375
96349 0.128981 0.1 0.655891 0.616161 0.638169
96399 0.128387 0.1 0.644107 0.614378 0.62644
96449 0.127433 0.1 0.648461 0.612064 0.631253
96499 0.129627 0.1 0.643924 0.627537 0.635079
96549 0.128159 0.1 0.651507 0.627807 0.637854
96599 0.129393 0.1 0.645056 0.629168 0.632963
96649 0.130048 0.1 0.648134 0.635806 0.630894
96699 0.130093 0.1 0.653191 0.629965 0.631586
96749 0.12779 0.1 0.643453 0.628211 0.630872
96799 0.134153 0.1 0.643828 0.617798 0.623518
96849 0.130919 0.1 0.655654 0.641103 0.618283
96899 0.129152 0.1 0.639921 0.642698 0.629892
96949 0.125699 0.1 0.660764 0.632603 0.633196
96999 0.122946 0.1 0.644679 0.621141 0.624181
97049 0.123703 0.1 0.657773 0.631764 0.625045
97099 0.13196 0.1 0.644089 0.628115 0.630682
97149 0.12765 0.1 0.655946 0.618848 0.616879
97199 0.131328 0.1 0.662394 0.619497 0.61361
97249 0.128685 0.1 0.651765 0.639619 0.626063
97299 0.125803 0.1 0.638618 0.627812 0.629041
97349 0.127008 0.1 0.645106 0.62553 0.636509
97399 0.129784 0.1 0.662917 0.626896 0.625459
97449 0.129721 0.1 0.64579 0.631888 0.633452
97499 0.124858 0.1 0.653815 0.630084 0.629438
97549 0.132648 0.1 0.659057 0.635072 0.621203
97599 0.127173 0.1 0.644581 0.641211 0.640377
97649 0.13028 0.1 0.646878 0.629271 0.63252
97699 0.125164 0.1 0.669236 0.619743 0.61516
97749 0.130873 0.1 0.643835 0.635013 0.623728
97799 0.130241 0.1 0.649869 0.625165 0.626924
97849 0.128607 0.1 0.648023 0.622904 0.623739
97899 0.130089 0.1 0.643234 0.627848 0.634063
97949 0.12667 0.1 0.651913 0.630735 0.624507
97999 0.12624 0.1 0.649914 0.62151 0.621367
98049 0.125006 0.1 0.654715 0.645135 0.642652
98099 0.128434 0.1 0.653677 0.632835 0.632443
98149 0.124452 0.1 0.647076 0.632327 0.619862
98199 0.125571 0.1 0.639567 0.614842 0.627143
98249 0.127607 0.1 0.648374 0.626306 0.628356
98299 0.127785 0.1 0.66366 0.625121 0.624437
98349 0.130171 0.1 0.636262 0.628228 0.627285
98399 0.132269 0.1 0.640942 0.639778 0.633105
98449 0.124557 0.1 0.665769 0.629166 0.627873
98499 0.126435 0.1 0.650056 0.615935 0.625511
98549 0.125558 0.1 0.642179 0.608092 0.642257
98599 0.125507 0.1 0.654446 0.626828 0.61753
98649 0.128421 0.1 0.645676 0.628147 0.633502
98699 0.128208 0.1 0.652176 0.631162 0.635491
98749 0.129313 0.1 0.652268 0.630511 0.620906
98799 0.126206 0.1 0.646314 0.613058 0.632554
98849 0.127455 0.1 0.653098 0.629921 0.62778
98899 0.128894 0.1 0.654889 0.62557 0.628653
98949 0.123675 0.1 0.653805 0.634324 0.632971
98999 0.120909 0.1 0.644107 0.63164 0.621102
99049 0.129793 0.1 0.650954 0.627431 0.622315
99099 0.131289 0.1 0.64305 0.616854 0.63359
99149 0.125157 0.1 0.655472 0.631467 0.632272
99199 0.128041 0.1 0.649515 0.637645 0.625878
99249 0.130189 0.1 0.65576 0.620005 0.621536
99299 0.126089 0.1 0.644695 0.631999 0.630927
99349 0.123714 0.1 0.654603 0.633244 0.63475
99399 0.129055 0.1 0.649654 0.635636 0.63392
99449 0.126591 0.1 0.653543 0.633944 0.622505
99499 0.128606 0.1 0.650397 0.627214 0.628223
99549 0.123801 0.1 0.657612 0.626584 0.631898
99599 0.121091 0.1 0.647902 0.6285 0.618886
99649 0.129075 0.1 0.649131 0.635141 0.616465
99699 0.129334 0.1 0.662564 0.639144 0.639229
99749 0.128695 0.1 0.652032 0.626037 0.621385
99799 0.129741 0.1 0.653402 0.627278 0.626341
99849 0.129978 0.1 0.651249 0.631499 0.624527
99899 0.129231 0.1 0.66295 0.628908 0.629608
99949 0.128735 0.1 0.651243 0.634246 0.631188
99999 0.12642 0.1 0.639242 0.629465 0.629206
