49 1.98729 0.0125 0.424861 0.493844 0.40373
99 1.99318 0.0125 0.435837 0.511905 0.44054
149 1.99948 0.0125 0.526682 0.514587 0.420977
199 1.9951 0.0125 0.535508 0.54455 0.495151
249 1.99681 0.0125 0.60066 0.583064 0.566905
299 1.96775 0.0125 0.645624 0.612887 0.593073
349 1.82452 0.0125 0.666454 0.626133 0.626741
399 1.55196 0.0125 0.66899 0.616675 0.636097
449 1.3384 0.0125 0.633821 0.603977 0.618375
499 1.17412 0.0125 0.637644 0.613865 0.590907
549 1.07588 0.0125 0.626584 0.625801 0.57436
599 0.972107 0.0125 0.621803 0.601609 0.568856
649 0.887022 0.0125 0.642383 0.605487 0.570116
699 0.815294 0.0125 0.623632 0.618615 0.56585
749 0.729412 0.0125 0.620739 0.610485 0.570649
799 0.665347 0.0125 0.622103 0.597282 0.561613
849 0.593506 0.025 0.620726 0.610315 0.569495
899 0.566366 0.05 0.631623 0.616235 0.580519
949 0.828178 0.1 0.646467 0.605999 0.604825
999 0.749421 0.1 0.655126 0.607156 0.603423
1049 0.68459 0.1 0.646908 0.608059 0.618492
1099 1.35123 0.2 0.661214 0.605385 0.626211
1149 1.23759 0.2 0.657397 0.610261 0.637288
1199 1.19983 0.2 0.649597 0.611063 0.634727
1249 1.19274 0.2 0.666376 0.618766 0.639642
1299 1.16289 0.2 0.656226 0.625701 0.636465
1349 1.15995 0.2 0.645584 0.611797 0.632806
1399 1.12276 0.2 0.656603 0.608388 0.633371
1449 1.10646 0.2 0.650709 0.607223 0.630678
1499 1.09163 0.2 0.650724 0.624133 0.636066
1549 1.07814 0.2 0.648771 0.620115 0.642584
1599 1.05628 0.2 0.649325 0.607999 0.635876
1649 1.05341 0.2 0.655518 0.61232 0.635689
1699 1.0406 0.2 0.636281 0.613897 0.633981
1749 1.02607 0.2 0.645817 0.60966 0.629381
1799 1.01366 0.2 0.650112 0.612613 0.628315
1849 1.01071 0.2 0.653477 0.600974 0.628449
1899 0.996652 0.2 0.644732 0.621962 0.632959
1949 0.980953 0.2 0.647462 0.616174 0.625336
1999 0.976045 0.2 0.644097 0.61697 0.624746
2049 0.969948 0.2 0.646817 0.613803 0.631169
2099 0.946246 0.2 0.661799 0.606099 0.628703
2149 0.950706 0.2 0.644464 0.61472 0.626077
2199 0.947617 0.2 0.642979 0.606893 0.621703
2249 0.923768 0.2 0.652216 0.602854 0.634267
2299 0.933439 0.2 0.656053 0.626306 0.631739
2349 0.923307 0.2 0.652778 0.612626 0.629411
2399 0.921211 0.2 0.644791 0.614332 0.634216
2449 0.910364 0.2 0.648988 0.614438 0.631093
2499 0.891371 0.2 0.643272 0.613508 0.632476
2549 0.896956 0.2 0.644302 0.621942 0.63267
2599 0.878478 0.2 0.64383 0.609327 0.631237
2649 0.888148 0.2 0.651743 0.616414 0.631912
2699 0.88099 0.2 0.649724 0.605475 0.622759
2749 0.876044 0.2 0.661122 0.615373 0.635932
2799 0.869827 0.2 0.642546 0.609632 0.626323
2849 0.861497 0.2 0.647396 0.6146 0.634674
2899 0.858123 0.2 0.63976 0.615434 0.626657
2949 0.854013 0.2 0.65603 0.609537 0.641307
2999 0.850369 0.2 0.647629 0.60965 0.636163
3049 0.849129 0.2 0.654063 0.611732 0.641081
3099 0.850152 0.2 0.651577 0.608417 0.636867
3149 0.847645 0.2 0.633762 0.616594 0.633493
3199 0.841819 0.2 0.639819 0.609268 0.633359
3249 0.831715 0.2 0.640695 0.610059 0.626677
3299 0.840414 0.2 0.645287 0.619142 0.633947
3349 0.811826 0.2 0.647811 0.621108 0.63193
3399 0.825725 0.2 0.642215 0.622364 0.643519
3449 0.82553 0.2 0.648419 0.615962 0.639527
3499 0.809207 0.2 0.642817 0.604367 0.641105
3549 0.821643 0.2 0.631845 0.629148 0.644937
3599 0.813332 0.2 0.65079 0.614121 0.644493
3649 0.793865 0.2 0.641787 0.614035 0.649513
3699 0.80528 0.2 0.648853 0.618015 0.644253
3749 0.797255 0.2 0.645453 0.615172 0.636574
3799 0.794124 0.2 0.662075 0.606749 0.651602
3849 0.791491 0.2 0.646356 0.60519 0.639213
3899 0.782854 0.2 0.651066 0.622337 0.628983
3949 0.78524 0.2 0.641524 0.617884 0.65009
3999 0.785697 0.2 0.6386 0.617877 0.636348
4049 0.773928 0.2 0.646004 0.617744 0.636919
4099 0.77979 0.2 0.645158 0.622772 0.655368
4149 0.775118 0.2 0.641118 0.611506 0.651624
4199 0.768194 0.2 0.652734 0.608626 0.650286
4249 0.774721 0.2 0.641337 0.610551 0.649943
4299 0.766408 0.2 0.658288 0.620553 0.649651
4349 0.763885 0.2 0.641129 0.619318 0.642417
4399 0.7654 0.2 0.648171 0.619833 0.646795
4449 0.766573 0.2 0.626267 0.610971 0.644314
4499 0.752768 0.2 0.641876 0.618052 0.645275
4549 0.756993 0.2 0.636267 0.614247 0.642443
4599 0.760113 0.2 0.651075 0.610878 0.644098
4649 0.74906 0.2 0.638472 0.620234 0.637161
4699 0.753899 0.2 0.631206 0.616087 0.643669
4749 0.754093 0.2 0.635349 0.610252 0.642797
4799 0.764728 0.2 0.641971 0.615211 0.636715
4849 0.748169 0.2 0.636128 0.608588 0.647587
4899 0.738149 0.2 0.632669 0.630264 0.651291
4949 0.738882 0.2 0.653934 0.621207 0.641923
4999 0.730973 0.2 0.64697 0.615719 0.653841
5049 0.749345 0.2 0.652235 0.611022 0.640775
5099 0.727114 0.2 0.637346 0.6148 0.655995
5149 0.734503 0.2 0.645008 0.622722 0.648795
5199 0.719796 0.2 0.623103 0.609241 0.657319
5249 0.728967 0.2 0.643661 0.616334 0.653497
5299 0.72803 0.2 0.652578 0.621951 0.648849
5349 0.727164 0.2 0.629236 0.609111 0.643376
5399 0.717654 0.2 0.639176 0.616705 0.650876
5449 0.723285 0.2 0.634561 0.634049 0.640367
5499 0.712739 0.2 0.634262 0.621335 0.648446
5549 0.720182 0.2 0.629942 0.615873 0.644503
5599 0.707867 0.2 0.639541 0.632182 0.654208
5649 0.720914 0.2 0.639344 0.624015 0.64761
5699 0.716378 0.2 0.636035 0.607336 0.660505
5749 0.709759 0.2 0.6319 0.622048 0.651391
5799 0.717687 0.2 0.640753 0.627845 0.646373
5849 0.718088 0.2 0.645224 0.611142 0.648487
5899 0.712768 0.2 0.645721 0.618564 0.644973
5949 0.705431 0.2 0.640252 0.623103 0.656532
5999 0.705376 0.2 0.646801 0.625208 0.648862
6049 0.719334 0.2 0.631245 0.620659 0.659189
6099 0.702176 0.2 0.639082 0.622933 0.651481
6149 0.703102 0.2 0.6404 0.625404 0.656655
6199 0.697389 0.2 0.636775 0.626113 0.658663
6249 1.47724 0.4 0.627882 0.616568 0.655523
6299 1.45435 0.4 0.621352 0.612111 0.644071
6349 1.44526 0.4 0.643285 0.627643 0.649706
6399 1.44992 0.4 0.635305 0.608568 0.649587
6449 1.46011 0.4 0.627075 0.607904 0.644569
6499 1.44946 0.4 0.630531 0.62057 0.649119
6549 1.44412 0.4 0.624084 0.631257 0.648958
6599 1.43121 0.4 0.631644 0.637928 0.645945
6649 1.43869 0.4 0.623486 0.626906 0.648937
6699 1.42979 0.4 0.622425 0.626014 0.648458
6749 1.44107 0.4 0.6247 0.618349 0.652441
6799 1.44182 0.4 0.641388 0.620238 0.652311
6849 1.44009 0.4 0.636461 0.616065 0.653394
6899 1.43629 0.4 0.633943 0.623843 0.652186
6949 1.44033 0.4 0.62146 0.611097 0.654565
6999 1.43119 0.4 0.620276 0.615505 0.654865
7049 1.4329 0.4 0.628394 0.627587 0.647923
7099 1.43933 0.4 0.639903 0.615921 0.650614
7149 1.42663 0.4 0.632404 0.618376 0.657907
7199 1.4286 0.4 0.63526 0.611496 0.654346
7249 1.43506 0.4 0.620351 0.629951 0.655048
7299 1.43707 0.4 0.609769 0.62487 0.654708
7349 1.42425 0.4 0.627857 0.623371 0.65043
7399 1.4406 0.4 0.623721 0.61155 0.654216
7449 1.43514 0.4 0.640896 0.625639 0.649745
7499 1.42325 0.4 0.631624 0.617766 0.656705
7549 1.4365 0.4 0.637422 0.628988 0.645444
7599 1.42859 0.4 0.641092 0.615707 0.6562
7649 1.43142 0.4 0.629681 0.626646 0.651945
7699 1.41086 0.4 0.617647 0.624018 0.658868
7749 1.41738 0.4 0.637882 0.613853 0.654879
7799 1.41882 0.4 0.634465 0.611511 0.649756
7849 1.42072 0.4 0.618995 0.611625 0.648988
7899 1.42739 0.4 0.625991 0.619722 0.652029
7949 1.43057 0.4 0.622713 0.624943 0.657204
7999 1.42365 0.4 0.638456 0.626443 0.653696
8049 1.42171 0.4 0.623822 0.624287 0.648422
8099 1.42172 0.4 0.632535 0.610909 0.651473
8149 1.42058 0.4 0.621016 0.614382 0.656806
8199 1.42637 0.4 0.62817 0.636133 0.650298
8249 1.409 0.4 0.626985 0.609552 0.650607
8299 1.41992 0.4 0.608165 0.626863 0.640708
8349 1.433 0.4 0.62795 0.626861 0.64667
8399 1.42482 0.4 0.630471 0.620237 0.661819
8449 1.41075 0.4 0.621928 0.627906 0.652923
8499 1.42469 0.4 0.620041 0.62151 0.651934
8549 1.41885 0.4 0.62176 0.63698 0.654448
8599 1.4221 0.4 0.636193 0.60847 0.651003
8649 1.41834 0.4 0.629987 0.624135 0.655502
8699 1.40931 0.4 0.632763 0.629665 0.65568
8749 1.41657 0.4 0.629296 0.620911 0.649317
8799 1.41328 0.4 0.629451 0.619594 0.647416
8849 1.41578 0.4 0.629013 0.62594 0.660031
8899 1.42111 0.4 0.610711 0.614465 0.649885
8949 1.40258 0.4 0.620274 0.613342 0.658084
8999 1.41306 0.4 0.630567 0.610627 0.658534
9049 1.39871 0.4 0.639345 0.629068 0.657102
9099 1.42045 0.4 0.622273 0.616272 0.649494
9149 1.40643 0.4 0.632421 0.618627 0.65627
9199 1.4126 0.4 0.634547 0.625832 0.644013
9249 1.41605 0.4 0.631154 0.631056 0.652838
9299 1.41089 0.4 0.620078 0.618952 0.660315
9349 1.40677 0.4 0.629693 0.625546 0.658863
9399 1.41346 0.4 0.637619 0.614208 0.652133
9449 1.4173 0.4 0.612996 0.620757 0.660282
9499 1.4092 0.4 0.62162 0.623602 0.65145
9549 1.41968 0.4 0.642617 0.613671 0.653006
9599 1.41832 0.4 0.638626 0.630397 0.658682
9649 1.40813 0.4 0.637871 0.626523 0.652698
9699 1.41317 0.4 0.63379 0.617274 0.651558
9749 1.40453 0.4 0.637675 0.612284 0.643149
9799 1.40342 0.4 0.639779 0.601944 0.645972
9849 1.39174 0.4 0.633601 0.615911 0.652677
9899 1.39743 0.4 0.624695 0.609217 0.6493
9949 1.39668 0.4 0.630911 0.633658 0.645708
9999 1.39664 0.4 0.622699 0.635779 0.661807
10049 1.41257 0.4 0.632839 0.602287 0.653263
10099 1.40471 0.4 0.630786 0.636813 0.650957
10149 1.39436 0.4 0.636528 0.621273 0.643306
10199 1.38842 0.4 0.625378 0.636812 0.659903
10249 1.39595 0.4 0.627347 0.617209 0.654472
10299 1.39061 0.4 0.61585 0.617336 0.660771
10349 1.39257 0.4 0.628616 0.60958 0.641773
10399 1.38773 0.4 0.630069 0.610123 0.65705
10449 1.40267 0.4 0.62996 0.628397 0.658599
10499 1.3887 0.4 0.618845 0.611338 0.658848
10549 1.39894 0.4 0.637094 0.613919 0.654059
10599 1.39129 0.4 0.632645 0.620812 0.655783
10649 1.40093 0.4 0.62443 0.609345 0.650214
10699 1.38057 0.4 0.638682 0.61564 0.667018
10749 1.41291 0.4 0.645765 0.614723 0.659701
10799 1.38976 0.4 0.605363 0.615 0.660541
10849 1.39595 0.4 0.639995 0.62871 0.651723
10899 1.4016 0.4 0.642431 0.613714 0.650517
10949 1.4008 0.4 0.628577 0.624533 0.658121
10999 1.38174 0.4 0.624878 0.61446 0.65625
11049 1.39047 0.4 0.633712 0.615071 0.657624
11099 1.38769 0.4 0.641732 0.621184 0.652844
11149 1.39009 0.4 0.638723 0.624655 0.654509
11199 1.38659 0.4 0.631082 0.623097 0.656172
11249 1.38275 0.4 0.633012 0.615567 0.659024
11299 1.38629 0.4 0.640085 0.625025 0.654258
11349 1.36983 0.4 0.621282 0.618527 0.647551
11399 1.38459 0.4 0.637057 0.603324 0.651777
11449 1.40012 0.4 0.645481 0.616547 0.652103
11499 1.38163 0.4 0.623185 0.613691 0.648112
11549 1.37853 0.4 0.62845 0.615975 0.659153
11599 1.38537 0.4 0.637141 0.619805 0.654342
11649 1.37539 0.4 0.624721 0.616744 0.647495
11699 1.37903 0.4 0.617491 0.623699 0.653167
11749 1.37614 0.4 0.631458 0.611443 0.655173
11799 1.3865 0.4 0.62826 0.619694 0.64893
11849 1.38571 0.4 0.613 0.614211 0.651008
11899 1.37616 0.4 0.621296 0.611674 0.651921
11949 1.3845 0.4 0.624123 0.615868 0.653519
11999 1.37814 0.4 0.617833 0.622829 0.649526
12049 1.39158 0.4 0.625069 0.619272 0.651327
12099 1.38138 0.4 0.619105 0.626964 0.657147
12149 1.38573 0.4 0.638027 0.613149 0.647268
12199 1.3754 0.4 0.634261 0.617772 0.658455
12249 1.37939 0.4 0.631355 0.611271 0.645832
12299 1.37963 0.4 0.619202 0.608569 0.654915
12349 1.37253 0.4 0.629692 0.618285 0.654695
12399 1.38624 0.4 0.614106 0.619692 0.651302
12449 1.37449 0.4 0.622131 0.623317 0.649292
12499 1.38553 0.4 0.622701 0.609362 0.660215
12549 1.38114 0.4 0.630853 0.623905 0.659729
12599 1.37889 0.4 0.625189 0.609034 0.649485
12649 1.37544 0.4 0.630905 0.617597 0.651513
12699 1.36955 0.4 0.632826 0.623542 0.65509
12749 1.37064 0.4 0.640769 0.615132 0.655068
12799 1.38575 0.4 0.629533 0.606579 0.650286
12849 1.36731 0.4 0.623399 0.61855 0.656799
12899 1.3683 0.4 0.633345 0.620076 0.658312
12949 1.37599 0.4 0.633464 0.616411 0.651494
12999 1.37537 0.4 0.63139 0.609562 0.65493
13049 1.38726 0.4 0.630538 0.629954 0.657863
13099 1.36231 0.4 0.6314 0.623197 0.653799
13149 1.38361 0.4 0.626324 0.626493 0.64545
13199 1.37876 0.4 0.629484 0.607329 0.65238
13249 1.36753 0.4 0.625361 0.620531 0.652034
13299 1.37839 0.4 0.616345 0.611964 0.647727
13349 1.35905 0.4 0.625873 0.624094 0.645819
13399 1.36267 0.4 0.641004 0.615415 0.650096
13449 1.36241 0.4 0.638467 0.615437 0.654219
13499 1.36783 0.4 0.631865 0.622479 0.660542
13549 1.37114 0.4 0.635257 0.618342 0.650929
13599 1.35577 0.4 0.626045 0.620079 0.655044
13649 1.36865 0.4 0.62544 0.611094 0.645025
13699 1.36782 0.4 0.627191 0.615293 0.656111
13749 1.38329 0.4 0.616463 0.594389 0.647403
13799 1.36936 0.4 0.635579 0.618038 0.654633
13849 1.36639 0.4 0.637364 0.609393 0.655877
13899 1.37587 0.4 0.635218 0.613807 0.645112
13949 1.36541 0.4 0.614648 0.613934 0.636536
13999 1.36768 0.4 0.6287 0.6151 0.660551
14049 1.37835 0.4 0.623338 0.619913 0.641882
14099 1.36308 0.4 0.62548 0.617827 0.650207
14149 1.35605 0.4 0.627754 0.610503 0.652967
14199 1.3676 0.4 0.633997 0.614247 0.668875
14249 1.37556 0.4 0.629134 0.62499 0.651011
14299 1.35689 0.4 0.621733 0.605117 0.645611
14349 1.36288 0.4 0.627413 0.61204 0.660432
14399 1.36142 0.4 0.634353 0.620046 0.64809
14449 1.36036 0.4 0.633102 0.617659 0.658784
14499 1.35855 0.4 0.622594 0.626058 0.654641
14549 1.36784 0.4 0.637248 0.614254 0.665217
14599 1.35611 0.4 0.636359 0.612902 0.655171
14649 1.36211 0.4 0.620722 0.609627 0.649613
14699 1.36005 0.4 0.626919 0.609496 0.658451
14749 1.36995 0.4 0.628257 0.617411 0.647753
14799 1.36733 0.4 0.622639 0.623914 0.645727
14849 1.36173 0.4 0.612765 0.601034 0.652583
14899 1.36034 0.4 0.621 0.616674 0.653214
14949 1.36761 0.4 0.632747 0.630842 0.649161
14999 1.35077 0.4 0.617648 0.620054 0.650521
15049 1.35789 0.4 0.617358 0.627119 0.650997
15099 1.35782 0.4 0.606607 0.620214 0.649973
15149 1.35404 0.4 0.631835 0.621612 0.652838
15199 1.37435 0.4 0.614312 0.603404 0.645064
15249 1.36553 0.4 0.626803 0.62238 0.661184
15299 1.33916 0.4 0.622728 0.616782 0.649681
15349 1.35001 0.4 0.633084 0.619227 0.656684
15399 1.34665 0.4 0.602444 0.624884 0.649212
15449 1.36309 0.4 0.620268 0.618012 0.655259
15499 1.3397 0.4 0.619659 0.616473 0.656682
15549 1.36746 0.4 0.63064 0.610672 0.651263
15599 1.36138 0.4 0.633883 0.604036 0.661651
15649 1.35464 0.4 0.626831 0.615496 0.649013
15699 1.36418 0.4 0.637003 0.614904 0.6561
15749 1.34738 0.4 0.621982 0.611793 0.657802
15799 1.35288 0.4 0.61934 0.616849 0.644505
15849 1.35893 0.4 0.626172 0.618624 0.654602
15899 1.35493 0.4 0.628888 0.611027 0.650279
15949 1.35189 0.4 0.630844 0.623276 0.63661
15999 1.34693 0.4 0.630635 0.613268 0.662045
16049 1.34879 0.4 0.629238 0.624727 0.650409
16099 1.34866 0.4 0.630577 0.628045 0.649905
16149 1.34778 0.4 0.615979 0.61423 0.652547
16199 1.34743 0.4 0.631449 0.625832 0.664098
16249 1.34582 0.4 0.618867 0.614597 0.649973
16299 1.34082 0.4 0.603141 0.621162 0.646282
16349 1.34759 0.4 0.619804 0.610969 0.645006
16399 1.34234 0.4 0.63276 0.610354 0.653067
16449 1.33747 0.4 0.63521 0.612473 0.654672
16499 1.33994 0.4 0.615636 0.615579 0.647851
16549 1.34589 0.4 0.632408 0.617513 0.661863
16599 1.35185 0.4 0.631464 0.612604 0.657826
16649 1.33481 0.4 0.618687 0.611491 0.651948
16699 1.33997 0.4 0.624847 0.63068 0.653593
16749 1.34215 0.4 0.626658 0.613137 0.651103
16799 1.35062 0.4 0.62585 0.621431 0.64969
16849 1.34306 0.4 0.630803 0.617342 0.649207
16899 1.33579 0.4 0.6411 0.620929 0.664715
16949 1.34958 0.4 0.629652 0.609636 0.644612
16999 1.36214 0.4 0.626877 0.614092 0.65357
17049 1.33899 0.4 0.634481 0.62252 0.647329
17099 1.34107 0.4 0.618715 0.613638 0.649824
17149 1.34096 0.4 0.630708 0.616587 0.656687
17199 1.35571 0.4 0.637003 0.612075 0.652647
17249 1.33822 0.4 0.616943 0.616808 0.655749
17299 1.34321 0.4 0.615571 0.598242 0.646477
17349 1.33271 0.4 0.630971 0.615463 0.647347
17399 1.34731 0.4 0.623853 0.630844 0.652675
17449 1.34215 0.4 0.617674 0.600172 0.650029
17499 1.3362 0.4 0.61196 0.612806 0.650232
17549 1.3529 0.4 0.633115 0.618043 0.645558
17599 1.34658 0.4 0.620476 0.58926 0.650404
17649 1.34248 0.4 0.627249 0.610324 0.657503
17699 1.33907 0.4 0.615902 0.622946 0.658982
17749 1.34568 0.4 0.615228 0.613306 0.659515
17799 1.34484 0.4 0.609944 0.619781 0.653082
17849 1.33911 0.4 0.634749 0.616737 0.642074
17899 1.33663 0.4 0.62801 0.610569 0.650929
17949 1.32166 0.4 0.624021 0.610312 0.644874
17999 1.33894 0.4 0.619535 0.616171 0.64652
18049 1.33627 0.4 0.619258 0.602726 0.655745
18099 1.32836 0.4 0.637241 0.623626 0.641839
18149 1.34464 0.4 0.628246 0.61111 0.658615
18199 1.33148 0.4 0.617764 0.611254 0.665985
18249 1.32609 0.4 0.626744 0.61351 0.650158
18299 1.33962 0.4 0.628939 0.62146 0.653598
18349 1.33387 0.4 0.626551 0.619298 0.660627
18399 1.32415 0.4 0.625197 0.607409 0.656388
18449 1.32929 0.4 0.630777 0.611716 0.650013
18499 1.33146 0.4 0.617257 0.615617 0.665214
18549 1.33684 0.4 0.644176 0.604333 0.651488
18599 1.32268 0.4 0.626206 0.601986 0.650483
18649 1.32867 0.4 0.621803 0.613684 0.654559
18699 1.32835 0.4 0.627671 0.614494 0.646582
18749 1.34441 0.4 0.623665 0.626365 0.648568
18799 1.33426 0.4 0.617201 0.613357 0.656257
18849 1.32651 0.4 0.628142 0.618963 0.647552
18899 1.33047 0.4 0.619962 0.611443 0.662353
18949 1.32187 0.4 0.615559 0.606503 0.648166
18999 1.32841 0.4 0.633045 0.609251 0.643773
19049 1.33383 0.4 0.637003 0.610315 0.647087
19099 1.32153 0.4 0.619786 0.614605 0.641009
19149 1.31972 0.4 0.643751 0.611662 0.654993
19199 1.33447 0.4 0.614139 0.61161 0.650994
19249 1.32193 0.4 0.622282 0.613975 0.646511
19299 1.33277 0.4 0.624692 0.612994 0.650212
19349 1.32006 0.4 0.646151 0.613419 0.646461
19399 1.3301 0.4 0.627413 0.620975 0.653714
19449 1.33352 0.4 0.628416 0.612387 0.644274
19499 1.33159 0.4 0.632922 0.610626 0.65559
19549 1.31855 0.4 0.622078 0.629005 0.649089
19599 1.34045 0.4 0.638337 0.623211 0.656372
19649 1.3326 0.4 0.642137 0.61743 0.652995
19699 1.33154 0.4 0.614985 0.617072 0.648152
19749 1.3367 0.4 0.612317 0.611866 0.644223
19799 1.32381 0.4 0.628574 0.619543 0.652093
19849 1.32332 0.4 0.626086 0.611036 0.651027
19899 1.32077 0.4 0.618345 0.628843 0.649765
19949 1.32677 0.4 0.632739 0.615227 0.645957
19999 1.31943 0.4 0.616577 0.622549 0.649141
20049 1.33678 0.4 0.62929 0.61036 0.652654
20099 1.32839 0.4 0.633369 0.63018 0.648718
20149 1.32632 0.4 0.624104 0.617039 0.647337
20199 1.31969 0.4 0.630174 0.621061 0.638351
20249 1.31703 0.4 0.613169 0.620067 0.649353
20299 1.3223 0.4 0.623714 0.611699 0.652864
20349 1.32863 0.4 0.632487 0.600258 0.641698
20399 1.33535 0.4 0.622492 0.614103 0.645232
20449 1.33124 0.4 0.632589 0.609633 0.649122
20499 1.31431 0.4 0.630697 0.606594 0.649187
20549 1.32638 0.4 0.626278 0.622675 0.641912
20599 1.30611 0.4 0.622108 0.609219 0.646727
20649 1.31933 0.4 0.631167 0.618364 0.651784
20699 1.31316 0.4 0.62974 0.603376 0.652701
20749 1.3234 0.4 0.618511 0.613513 0.649795
20799 1.31942 0.4 0.61764 0.601749 0.639278
20849 1.31998 0.4 0.630822 0.619117 0.642831
20899 1.32329 0.4 0.637463 0.611545 0.643772
20949 1.32451 0.4 0.631294 0.622422 0.6418
20999 1.33645 0.4 0.632116 0.610967 0.640585
21049 1.30578 0.4 0.611922 0.619676 0.645007
21099 1.31167 0.4 0.63485 0.617851 0.642192
21149 1.30839 0.4 0.624147 0.622603 0.64779
21199 1.31925 0.4 0.618317 0.615367 0.63997
21249 1.30746 0.4 0.627873 0.615645 0.645992
21299 1.30951 0.4 0.629544 0.612416 0.639431
21349 1.30173 0.4 0.627812 0.621013 0.649877
21399 1.33413 0.4 0.626953 0.609224 0.649656
21449 1.30786 0.4 0.629873 0.608319 0.641892
21499 1.31968 0.4 0.624235 0.604523 0.64392
21549 1.31704 0.4 0.627818 0.619482 0.640009
21599 1.30919 0.4 0.625993 0.598015 0.651332
21649 1.30734 0.4 0.617476 0.617628 0.644213
21699 1.30725 0.4 0.623364 0.623448 0.640492
21749 1.32354 0.4 0.614997 0.611288 0.64105
21799 1.30961 0.4 0.627259 0.60375 0.654092
21849 1.32181 0.4 0.632077 0.606954 0.651642
21899 1.30687 0.4 0.62439 0.604137 0.654634
21949 1.31456 0.4 0.618793 0.608228 0.641787
21999 1.30432 0.4 0.609375 0.601965 0.646778
22049 1.30639 0.4 0.632608 0.628785 0.642116
22099 1.30213 0.4 0.624638 0.60931 0.637475
22149 1.30959 0.4 0.613988 0.618992 0.645067
22199 1.3027 0.4 0.628145 0.604901 0.656718
22249 1.31608 0.4 0.617622 0.613909 0.649934
22299 1.3148 0.4 0.640026 0.605061 0.647019
22349 1.30737 0.4 0.617099 0.62881 0.644021
22399 1.31102 0.4 0.606258 0.605911 0.64204
22449 1.31753 0.4 0.605155 0.612906 0.631382
22499 1.30757 0.4 0.635858 0.611115 0.649636
22549 1.31353 0.4 0.618032 0.615367 0.646961
22599 1.30461 0.4 0.619512 0.614037 0.64949
22649 1.30856 0.4 0.636038 0.614808 0.642934
22699 1.30981 0.4 0.625861 0.604213 0.645962
22749 1.31228 0.4 0.615615 0.612365 0.647719
22799 1.31414 0.4 0.632334 0.598442 0.638816
22849 1.30337 0.4 0.629516 0.628415 0.641422
22899 1.30245 0.4 0.63776 0.612806 0.653132
22949 1.28856 0.4 0.607246 0.620363 0.638199
22999 1.30719 0.4 0.62202 0.613803 0.64857
23049 1.30662 0.4 0.632288 0.610248 0.653945
23099 1.31367 0.4 0.61661 0.608177 0.652252
23149 1.30007 0.4 0.635984 0.603695 0.641474
23199 1.3007 0.4 0.628654 0.615252 0.651534
23249 1.30861 0.4 0.623512 0.615483 0.65154
23299 1.30105 0.4 0.612103 0.606374 0.641091
23349 1.31495 0.4 0.608649 0.602748 0.64964
23399 1.30016 0.4 0.623854 0.615457 0.647277
23449 1.30371 0.4 0.622165 0.613839 0.641905
23499 1.30257 0.4 0.626163 0.615036 0.641983
23549 1.30496 0.4 0.6149 0.609291 0.641233
23599 1.30889 0.4 0.625953 0.620816 0.639463
23649 1.30534 0.4 0.621671 0.610825 0.641473
23699 1.29573 0.4 0.612923 0.619989 0.637114
23749 1.30067 0.4 0.62325 0.603754 0.64039
23799 1.30035 0.4 0.626563 0.613412 0.645019
23849 1.28757 0.4 0.614962 0.614992 0.646041
23899 1.30895 0.4 0.624341 0.620152 0.657898
23949 1.30557 0.4 0.625099 0.610897 0.649359
23999 1.30086 0.4 0.629132 0.624299 0.642854
24049 1.29274 0.4 0.626672 0.619102 0.629693
24099 1.28739 0.4 0.631715 0.614981 0.637227
24149 1.30205 0.4 0.627925 0.607182 0.635547
24199 1.29149 0.4 0.631447 0.599752 0.652657
24249 1.29713 0.4 0.620114 0.620771 0.644123
24299 1.29344 0.4 0.621406 0.621576 0.651783
24349 1.28587 0.4 0.634944 0.607657 0.636843
24399 1.30616 0.4 0.629997 0.617702 0.639831
24449 1.31008 0.4 0.61257 0.620507 0.646721
24499 1.30059 0.4 0.616223 0.608628 0.632322
24549 1.30747 0.4 0.625709 0.620459 0.637648
24599 1.29552 0.4 0.618419 0.609587 0.633297
24649 1.29825 0.4 0.611984 0.605974 0.62884
24699 1.29219 0.4 0.619415 0.609722 0.632615
24749 1.31061 0.4 0.625885 0.624976 0.645729
24799 1.29415 0.4 0.619241 0.623184 0.638152
24849 1.29235 0.4 0.633461 0.618075 0.654561
24899 1.30514 0.4 0.639126 0.620658 0.647384
24949 1.29671 0.4 0.610206 0.608886 0.641215
24999 1.30188 0.4 0.636397 0.609903 0.626631
25049 1.30815 0.4 0.628083 0.612651 0.648175
25099 1.31689 0.4 0.618445 0.615023 0.632647
25149 1.29741 0.4 0.624875 0.610922 0.636182
25199 1.31347 0.4 0.623335 0.618371 0.636457
25249 1.30035 0.4 0.633622 0.605072 0.639079
25299 1.29413 0.4 0.628598 0.598463 0.633343
25349 1.28438 0.4 0.628685 0.613135 0.635564
25399 1.28414 0.4 0.619569 0.614137 0.629685
25449 1.28545 0.4 0.631817 0.612475 0.643918
25499 1.29567 0.4 0.621725 0.615426 0.635655
25549 1.30332 0.4 0.633411 0.611081 0.639118
25599 1.2966 0.4 0.621434 0.611889 0.643842
25649 1.2851 0.4 0.627113 0.608877 0.643484
25699 1.29902 0.4 0.627774 0.617725 0.634216
25749 1.29516 0.4 0.607365 0.603075 0.643384
25799 1.29874 0.4 0.633177 0.621774 0.641925
25849 1.29649 0.4 0.62422 0.614367 0.632396
25899 1.30055 0.4 0.605315 0.620481 0.639667
25949 1.30398 0.4 0.637148 0.617567 0.631894
25999 1.31009 0.4 0.621412 0.609402 0.634614
26049 1.29751 0.4 0.625544 0.607625 0.639723
26099 1.2876 0.4 0.631779 0.62102 0.645274
26149 1.29906 0.4 0.639786 0.620063 0.630658
26199 1.29722 0.4 0.62666 0.605348 0.639213
26249 1.31006 0.4 0.613657 0.615752 0.646693
26299 1.29379 0.4 0.625516 0.62032 0.628157
26349 1.29877 0.4 0.624844 0.607885 0.632644
26399 1.29334 0.4 0.633115 0.606986 0.639018
26449 1.29755 0.4 0.61746 0.607843 0.634755
26499 1.2923 0.4 0.617782 0.631766 0.639474
26549 1.29384 0.4 0.648047 0.607178 0.637536
26599 1.28706 0.4 0.619798 0.611966 0.632795
26649 1.28987 0.4 0.630049 0.61626 0.641431
26699 1.29347 0.4 0.624865 0.608457 0.639895
26749 1.28526 0.4 0.637311 0.611994 0.640674
26799 1.29933 0.4 0.619171 0.607397 0.640203
26849 1.28939 0.4 0.620502 0.607848 0.625426
26899 1.28942 0.4 0.628691 0.620751 0.645352
26949 1.27589 0.4 0.625197 0.619799 0.64415
26999 1.28702 0.4 0.623571 0.628102 0.635233
27049 1.29664 0.4 0.636074 0.624792 0.640562
27099 1.27557 0.4 0.620408 0.616172 0.634893
27149 1.28905 0.4 0.628751 0.613535 0.634243
27199 1.288 0.4 0.620648 0.614668 0.636177
27249 1.29254 0.4 0.611295 0.622199 0.636017
27299 1.28388 0.4 0.634301 0.617937 0.626411
27349 1.28013 0.4 0.626043 0.61956 0.632214
27399 1.30135 0.4 0.616634 0.606471 0.637396
27449 1.29101 0.4 0.625337 0.61444 0.634736
27499 1.28198 0.4 0.610764 0.619306 0.643867
27549 1.30081 0.4 0.623608 0.620909 0.627998
27599 1.29666 0.4 0.64465 0.608779 0.6315
27649 1.28937 0.4 0.629463 0.619991 0.641065
27699 1.27922 0.4 0.621038 0.629488 0.638975
27749 1.28593 0.4 0.625953 0.62204 0.634618
27799 1.28417 0.4 0.632976 0.615514 0.645974
27849 1.28445 0.4 0.634941 0.613282 0.638201
27899 1.28565 0.4 0.622893 0.614244 0.634271
27949 1.28004 0.4 0.629414 0.608791 0.626805
27999 1.28126 0.4 0.622985 0.612578 0.629472
28049 1.28473 0.4 0.626418 0.614389 0.629438
28099 1.29324 0.4 0.626685 0.611103 0.633831
28149 1.28854 0.4 0.633073 0.60216 0.632884
28199 1.29737 0.4 0.625649 0.620004 0.639916
28249 1.27627 0.4 0.632075 0.61521 0.628938
28299 1.28929 0.4 0.621446 0.605863 0.638254
28349 1.28893 0.4 0.633664 0.613609 0.630625
28399 1.29554 0.4 0.634066 0.62115 0.629399
28449 1.2865 0.4 0.627532 0.616569 0.630762
28499 1.28192 0.4 0.625449 0.622338 0.626111
28549 1.29484 0.4 0.635696 0.609265 0.628086
28599 1.294 0.4 0.629987 0.623484 0.63325
28649 1.2836 0.4 0.619525 0.611638 0.629585
28699 1.288 0.4 0.642488 0.615809 0.637314
28749 1.29659 0.4 0.635574 0.620134 0.64187
28799 1.27777 0.4 0.631751 0.620234 0.632212
28849 1.28585 0.4 0.628881 0.617545 0.641404
28899 1.2819 0.4 0.628354 0.624875 0.621385
28949 1.28594 0.4 0.64147 0.616728 0.647141
28999 1.27791 0.4 0.61487 0.610557 0.638039
29049 1.28337 0.4 0.619472 0.620446 0.633822
29099 1.28299 0.4 0.632641 0.605326 0.63996
29149 1.27914 0.4 0.622817 0.604233 0.633015
29199 1.29274 0.4 0.629696 0.623298 0.638089
29249 1.28348 0.4 0.632848 0.621055 0.628044
29299 1.27835 0.4 0.632683 0.59435 0.62701
29349 1.29369 0.4 0.630808 0.618032 0.621957
29399 1.27459 0.4 0.626113 0.615049 0.623713
29449 1.29231 0.4 0.631906 0.607089 0.632055
29499 1.26388 0.4 0.634802 0.619402 0.633673
29549 1.28153 0.4 0.621934 0.616654 0.637899
29599 1.28969 0.4 0.620626 0.616853 0.630448
29649 1.27857 0.4 0.617756 0.611769 0.633038
29699 1.27654 0.4 0.635006 0.616966 0.635413
29749 1.29202 0.4 0.618736 0.60086 0.63143
29799 1.28762 0.4 0.635925 0.604658 0.630609
29849 1.27734 0.4 0.635279 0.609573 0.644346
29899 1.28743 0.4 0.640917 0.602949 0.63584
29949 1.27491 0.4 0.637441 0.617046 0.638196
29999 1.2759 0.4 0.628095 0.617692 0.621358
30049 1.28501 0.4 0.636763 0.617274 0.625099
30099 1.26647 0.4 0.617659 0.605726 0.633964
30149 1.26461 0.4 0.626494 0.617006 0.635601
30199 1.27212 0.4 0.631015 0.608684 0.638502
30249 1.2737 0.4 0.620748 0.604814 0.620539
30299 1.28089 0.4 0.628674 0.604617 0.631675
30349 1.26711 0.4 0.627231 0.624242 0.629439
30399 1.2813 0.4 0.628895 0.621003 0.624188
30449 1.28345 0.4 0.630554 0.608072 0.628621
30499 1.28043 0.4 0.629401 0.611809 0.61792
30549 1.26793 0.4 0.624575 0.612577 0.632208
30599 1.27657 0.4 0.636752 0.62381 0.632255
30649 1.28005 0.4 0.633534 0.624733 0.632492
30699 1.26209 0.4 0.626984 0.611231 0.640991
30749 1.27676 0.4 0.628166 0.618452 0.634317
30799 1.28005 0.4 0.624622 0.615884 0.633153
30849 1.28363 0.4 0.641633 0.629009 0.630153
30899 1.29074 0.4 0.626126 0.61618 0.626465
30949 1.27533 0.4 0.619875 0.60657 0.627795
30999 1.27719 0.4 0.632264 0.617075 0.640462
31049 1.26933 0.4 0.626379 0.623002 0.625702
31099 1.27437 0.4 0.630355 0.61216 0.643473
31149 1.28187 0.4 0.626427 0.604765 0.631878
31199 1.28229 0.4 0.640909 0.611381 0.637555
31249 1.27872 0.4 0.628451 0.614329 0.627278
31299 1.26619 0.4 0.633351 0.625476 0.635354
31349 1.27164 0.4 0.622691 0.611883 0.627113
31399 1.27577 0.4 0.627377 0.59084 0.624806
31449 1.26418 0.4 0.636606 0.613646 0.63338
31499 1.26684 0.4 0.621151 0.610876 0.641316
31549 1.27949 0.4 0.642705 0.624302 0.629056
31599 1.28004 0.4 0.622136 0.604675 0.628487
31649 1.27605 0.4 0.623894 0.613095 0.637551
31699 1.27191 0.4 0.631076 0.62761 0.619603
31749 1.28616 0.4 0.640689 0.623923 0.638008
31799 1.26166 0.4 0.637176 0.614359 0.635968
31849 1.27135 0.4 0.617008 0.61612 0.641264
31899 1.27523 0.4 0.631412 0.610983 0.636887
31949 1.27328 0.4 0.646377 0.609625 0.629317
31999 1.26589 0.4 0.631987 0.624396 0.631414
32049 1.25617 0.4 0.633661 0.605099 0.628759
32099 1.27971 0.4 0.626564 0.606397 0.627572
32149 1.27613 0.4 0.634672 0.609521 0.630288
32199 1.27121 0.4 0.636069 0.62488 0.639805
32249 1.27353 0.4 0.623479 0.610775 0.633094
32299 1.2669 0.4 0.634133 0.615931 0.62937
32349 1.27461 0.4 0.625545 0.612687 0.625967
32399 1.26977 0.4 0.638373 0.612687 0.639846
32449 1.27392 0.4 0.627214 0.614785 0.627857
32499 1.26009 0.4 0.644587 0.604724 0.63961
32549 1.26819 0.4 0.629172 0.613983 0.624837
32599 1.276 0.4 0.629975 0.617538 0.638226
32649 1.28066 0.4 0.641076 0.608018 0.62673
32699 1.26035 0.4 0.631893 0.617179 0.627815
32749 1.26994 0.4 0.623537 0.613407 0.632751
32799 1.27043 0.4 0.615049 0.611558 0.639817
32849 1.264 0.4 0.620842 0.620846 0.623458
32899 1.26976 0.4 0.624851 0.608979 0.641674
32949 1.28312 0.4 0.634007 0.624888 0.628078
32999 1.26099 0.4 0.641933 0.634431 0.629421
33049 1.26198 0.4 0.637922 0.619534 0.632574
33099 1.26938 0.4 0.624295 0.613714 0.624256
33149 1.27772 0.4 0.633715 0.611864 0.634341
33199 1.26565 0.4 0.643489 0.600757 0.631559
33249 1.27744 0.4 0.638003 0.607212 0.628438
33299 1.28096 0.4 0.623266 0.627316 0.637139
33349 1.2603 0.4 0.631103 0.611088 0.627928
33399 1.26603 0.4 0.630543 0.607447 0.629206
33449 1.27844 0.4 0.629288 0.606339 0.63282
33499 1.27076 0.4 0.635965 0.610949 0.629342
33549 1.27559 0.4 0.625056 0.611052 0.628477
33599 1.25725 0.4 0.631601 0.614834 0.634644
33649 1.26865 0.4 0.641318 0.609926 0.624818
33699 1.26115 0.4 0.634512 0.612495 0.630863
33749 1.28612 0.4 0.621169 0.611924 0.636195
33799 1.26043 0.4 0.636969 0.623022 0.623801
33849 1.27372 0.4 0.640188 0.608681 0.632791
33899 1.26509 0.4 0.628378 0.6038 0.643645
33949 1.26482 0.4 0.623593 0.610458 0.62174
33999 1.27399 0.4 0.630255 0.608751 0.629378
34049 1.27647 0.4 0.635442 0.606636 0.642991
34099 1.25797 0.4 0.63495 0.617274 0.624602
34149 1.2799 0.4 0.642844 0.608768 0.630267
34199 1.27456 0.4 0.63553 0.615545 0.626226
34249 1.26729 0.4 0.622758 0.613873 0.637993
34299 1.27077 0.4 0.644751 0.626957 0.634811
34349 1.28578 0.4 0.635363 0.61543 0.634825
34399 1.26305 0.4 0.624137 0.609163 0.638896
34449 1.25487 0.4 0.635146 0.617543 0.632964
34499 1.2653 0.4 0.63194 0.628451 0.634666
34549 1.25997 0.4 0.630081 0.616751 0.631913
34599 1.27563 0.4 0.626826 0.607858 0.624031
34649 1.26853 0.4 0.63917 0.613207 0.615446
34699 1.25807 0.4 0.630294 0.617839 0.629688
34749 1.26095 0.4 0.640768 0.630635 0.628939
34799 1.26524 0.4 0.632579 0.612853 0.625154
34849 1.27823 0.4 0.637404 0.619953 0.633499
34899 1.25693 0.4 0.635367 0.627347 0.644052
34949 1.27492 0.4 0.63786 0.612993 0.63226
34999 1.27125 0.4 0.647232 0.604376 0.627855
35049 1.26401 0.4 0.64039 0.616262 0.641814
35099 1.26132 0.4 0.63848 0.616251 0.623852
35149 1.27508 0.4 0.644457 0.616399 0.631771
35199 1.2701 0.4 0.609308 0.611631 0.621894
35249 1.2707 0.4 0.623304 0.611738 0.635961
35299 1.28009 0.4 0.634858 0.625882 0.622716
35349 1.26524 0.4 0.644513 0.621457 0.634107
35399 1.25447 0.4 0.630179 0.618672 0.623414
35449 1.26081 0.4 0.638106 0.615766 0.631793
35499 1.26302 0.4 0.637366 0.623137 0.62761
35549 1.25849 0.4 0.628414 0.627082 0.630827
35599 1.27751 0.4 0.632597 0.620381 0.625065
35649 1.24769 0.4 0.621372 0.619296 0.62663
35699 1.26384 0.4 0.628852 0.620649 0.632611
35749 1.26071 0.4 0.626423 0.609031 0.634465
35799 1.26428 0.4 0.635364 0.610003 0.632136
35849 1.25995 0.4 0.638906 0.617162 0.630028
35899 1.27587 0.4 0.633732 0.618495 0.633349
35949 1.27123 0.4 0.631783 0.600519 0.632783
35999 1.25762 0.4 0.633306 0.606943 0.636144
36049 1.25616 0.4 0.626624 0.61983 0.642194
36099 1.26603 0.4 0.632518 0.61533 0.627416
36149 1.26933 0.4 0.637006 0.627035 0.630416
36199 1.26409 0.4 0.622346 0.615812 0.633462
36249 1.26856 0.4 0.627015 0.618735 0.623141
36299 1.26402 0.4 0.64572 0.628468 0.631619
36349 1.25098 0.4 0.628096 0.606254 0.636651
36399 1.24866 0.4 0.641095 0.617258 0.639464
36449 1.25812 0.4 0.626948 0.619377 0.630399
36499 1.25438 0.4 0.635923 0.617966 0.625584
36549 1.2643 0.4 0.631127 0.605718 0.630094
36599 1.27014 0.4 0.637594 0.608284 0.626968
36649 1.25972 0.4 0.640545 0.617257 0.627328
36699 1.26616 0.4 0.63323 0.611035 0.633321
36749 1.26161 0.4 0.625921 0.603779 0.631273
36799 1.26621 0.4 0.630552 0.606188 0.626266
36849 1.27264 0.4 0.639021 0.614308 0.623446
36899 1.26497 0.4 0.63336 0.609263 0.629608
36949 1.25501 0.4 0.628872 0.617369 0.618489
36999 1.25335 0.4 0.638716 0.603083 0.628732
37049 1.26023 0.4 0.62945 0.598687 0.628787
37099 1.25803 0.4 0.631244 0.621372 0.627305
37149 1.2553 0.4 0.636884 0.615528 0.63672
37199 1.26394 0.4 0.630732 0.622932 0.619327
37249 1.25542 0.4 0.636431 0.614106 0.63287
37299 1.26404 0.4 0.626514 0.613276 0.628517
37349 1.26341 0.4 0.625003 0.608361 0.632442
37399 1.25476 0.4 0.633754 0.608044 0.632463
37449 1.25423 0.4 0.629996 0.618512 0.629502
37499 1.26246 0.4 0.63395 0.610027 0.632883
37549 1.26588 0.4 0.632706 0.61777 0.625943
37599 1.26239 0.4 0.633487 0.600502 0.634637
37649 1.24679 0.4 0.627674 0.6015 0.625108
37699 1.2613 0.4 0.627785 0.612664 0.636604
37749 1.26111 0.4 0.640013 0.609315 0.629763
37799 1.26238 0.4 0.621186 0.606462 0.635739
37849 1.25249 0.4 0.620637 0.620856 0.628686
37899 1.2585 0.4 0.63004 0.61557 0.635544
37949 1.25791 0.4 0.639578 0.6039 0.63737
37999 1.25908 0.4 0.632276 0.613833 0.648272
38049 1.25113 0.4 0.616414 0.623769 0.627741
38099 1.25675 0.4 0.625229 0.617614 0.625757
38149 1.26049 0.4 0.639341 0.616607 0.62659
38199 1.2534 0.4 0.639811 0.623265 0.633294
38249 1.26383 0.4 0.636864 0.616945 0.634484
38299 1.24975 0.4 0.626628 0.615746 0.637558
38349 1.25283 0.4 0.646354 0.615266 0.631078
38399 1.24756 0.4 0.641435 0.617685 0.632392
38449 1.24838 0.4 0.633746 0.62092 0.629687
38499 1.24967 0.4 0.639323 0.617367 0.627425
38549 1.2597 0.4 0.639969 0.626196 0.637575
38599 1.25163 0.4 0.619786 0.625308 0.626374
38649 1.24798 0.4 0.647203 0.61897 0.63402
38699 1.27578 0.4 0.632629 0.610575 0.622818
38749 1.2733 0.4 0.643568 0.622139 0.626482
38799 1.25582 0.4 0.629175 0.62105 0.636263
38849 1.24305 0.4 0.637402 0.611392 0.63784
38899 1.25206 0.4 0.644875 0.62456 0.633828
38949 1.24956 0.4 0.637139 0.61663 0.628977
38999 1.24786 0.4 0.637183 0.615031 0.63838
39049 1.26326 0.4 0.637004 0.613107 0.627433
39099 1.2508 0.4 0.631095 0.605365 0.620944
39149 1.25777 0.4 0.633227 0.606779 0.634802
39199 1.24464 0.4 0.639814 0.605608 0.621213
39249 1.25762 0.4 0.633586 0.622076 0.628202
39299 1.25323 0.4 0.632255 0.617314 0.627952
39349 1.25986 0.4 0.638069 0.616758 0.629239
39399 1.25793 0.4 0.63802 0.619036 0.633137
39449 1.24929 0.4 0.626104 0.605137 0.632609
39499 1.24729 0.4 0.636304 0.607991 0.631869
39549 1.25235 0.4 0.641448 0.610327 0.628285
39599 1.2658 0.4 0.635266 0.61183 0.628996
39649 1.24248 0.4 0.62742 0.599062 0.626559
39699 1.24897 0.4 0.624097 0.610954 0.631848
39749 1.2433 0.4 0.631491 0.621838 0.630112
39799 1.24543 0.4 0.637127 0.61835 0.625991
39849 1.26268 0.4 0.626942 0.604035 0.622671
39899 1.25122 0.4 0.644676 0.621483 0.632847
39949 1.24596 0.4 0.655631 0.612516 0.643819
39999 1.23724 0.4 0.635226 0.629019 0.631027
40049 1.24028 0.4 0.616341 0.61933 0.628357
40099 1.2559 0.4 0.6424 0.621629 0.632208
40149 1.2614 0.4 0.613436 0.606946 0.625486
40199 1.24296 0.4 0.64746 0.620111 0.626165
40249 1.25404 0.4 0.642844 0.616973 0.636505
40299 1.25549 0.4 0.638047 0.617353 0.627941
40349 1.24696 0.4 0.63848 0.616024 0.631492
40399 1.24914 0.4 0.624595 0.621518 0.62925
40449 1.25557 0.4 0.627794 0.620997 0.636635
40499 1.25478 0.4 0.627067 0.614871 0.625693
40549 1.25224 0.4 0.632673 0.610464 0.626924
40599 1.26297 0.4 0.628827 0.617831 0.625184
40649 1.25171 0.4 0.635669 0.619375 0.641044
40699 1.25142 0.4 0.640037 0.617166 0.633098
40749 1.26247 0.4 0.635361 0.601994 0.622736
40799 1.2553 0.4 0.631219 0.615632 0.624085
40849 1.24065 0.4 0.645849 0.608246 0.618065
40899 1.25154 0.4 0.635548 0.625055 0.635021
40949 1.24778 0.4 0.627411 0.628022 0.635572
40999 1.25164 0.4 0.632783 0.622426 0.634248
41049 1.2536 0.4 0.630266 0.606494 0.62665
41099 1.2399 0.4 0.63365 0.615784 0.63696
41149 1.26103 0.4 0.622034 0.619355 0.633935
41199 1.25124 0.4 0.631194 0.617465 0.624223
41249 1.24525 0.4 0.626541 0.615217 0.637609
41299 1.24823 0.4 0.634527 0.601414 0.620015
41349 1.25544 0.4 0.638437 0.609647 0.627581
41399 1.24656 0.4 0.633612 0.612139 0.635519
41449 1.24639 0.4 0.631527 0.613885 0.633663
41499 1.24415 0.4 0.629848 0.619726 0.632802
41549 1.24438 0.4 0.64382 0.60911 0.633046
41599 1.245 0.4 0.629083 0.610866 0.633096
41649 1.22259 0.4 0.627851 0.61469 0.639229
41699 1.24435 0.4 0.638483 0.607622 0.637786
41749 1.25008 0.4 0.63794 0.615643 0.632952
41799 1.25462 0.4 0.646069 0.616136 0.633932
41849 1.25013 0.4 0.628647 0.618777 0.635681
41899 1.2536 0.4 0.633907 0.614779 0.641566
41949 1.24388 0.4 0.631621 0.609522 0.636597
41999 1.25117 0.4 0.633838 0.616938 0.632486
42049 1.25684 0.4 0.62876 0.610225 0.648547
42099 1.24681 0.4 0.645341 0.608756 0.632218
42149 1.23484 0.4 0.643613 0.62733 0.6304
42199 1.25128 0.4 0.637651 0.60092 0.628813
42249 1.23941 0.4 0.623889 0.617212 0.639335
42299 1.24717 0.4 0.629879 0.606686 0.623242
42349 1.23645 0.4 0.632406 0.604815 0.644463
42399 1.24777 0.4 0.628025 0.629034 0.630769
42449 1.25833 0.4 0.63129 0.6117 0.641848
42499 1.23764 0.4 0.627669 0.611581 0.624975
42549 1.24214 0.4 0.621479 0.608933 0.642953
42599 1.2485 0.4 0.630559 0.626015 0.643745
42649 1.24077 0.4 0.613408 0.619919 0.630652
42699 1.24424 0.4 0.628567 0.590495 0.633545
42749 1.25248 0.4 0.639045 0.605517 0.635573
42799 1.23138 0.4 0.625694 0.619548 0.642836
42849 1.25087 0.4 0.633191 0.617791 0.629689
42899 1.2485 0.4 0.630318 0.616916 0.634614
42949 1.24807 0.4 0.625532 0.601588 0.639548
42999 1.25501 0.4 0.623578 0.621485 0.629291
43049 1.2435 0.4 0.62938 0.616589 0.644303
43099 1.23349 0.4 0.634586 0.602826 0.636002
43149 1.25116 0.4 0.62392 0.608506 0.631468
43199 1.2443 0.4 0.638673 0.616053 0.636047
43249 1.2491 0.4 0.622895 0.614315 0.64218
43299 1.24363 0.4 0.620989 0.615056 0.622829
43349 1.23424 0.4 0.642724 0.611619 0.647761
43399 1.23776 0.4 0.633569 0.616597 0.638664
43449 1.24805 0.4 0.636268 0.61647 0.639413
43499 1.24652 0.4 0.633517 0.604187 0.638114
43549 1.21924 0.4 0.630622 0.620021 0.644529
43599 1.23926 0.4 0.622231 0.612265 0.642566
43649 1.2477 0.4 0.623836 0.61489 0.644088
43699 1.24134 0.4 0.632356 0.614723 0.638663
43749 1.2369 0.4 0.617378 0.611425 0.641087
43799 1.24373 0.4 0.636706 0.601702 0.647052
43849 1.24948 0.4 0.626518 0.6259 0.638972
43899 1.24437 0.4 0.644212 0.62529 0.647865
43949 1.2326 0.4 0.622048 0.621471 0.643081
43999 1.24099 0.4 0.630441 0.612131 0.637102
44049 1.23839 0.4 0.636352 0.601691 0.646185
44099 1.24833 0.4 0.643773 0.606654 0.634622
44149 1.25179 0.4 0.620232 0.62618 0.636264
44199 1.24841 0.4 0.640182 0.61518 0.640745
44249 1.2475 0.4 0.647285 0.618888 0.6294
44299 1.23507 0.4 0.635802 0.60476 0.645769
44349 1.24569 0.4 0.631929 0.616823 0.638947
44399 1.23589 0.4 0.630001 0.621407 0.643626
44449 1.24392 0.4 0.631687 0.619449 0.642104
44499 1.23847 0.4 0.633086 0.623021 0.643124
44549 1.24062 0.4 0.629074 0.615636 0.640663
44599 1.23093 0.4 0.629237 0.609389 0.646225
44649 1.24051 0.4 0.631365 0.61314 0.626154
44699 1.23578 0.4 0.618255 0.614193 0.638404
44749 1.22871 0.4 0.647111 0.614158 0.635546
44799 1.24783 0.4 0.640011 0.620712 0.655408
44849 1.2389 0.4 0.62131 0.612894 0.637526
44899 1.23711 0.4 0.642183 0.611864 0.62815
44949 1.24125 0.4 0.624399 0.609928 0.640587
44999 1.24409 0.4 0.630454 0.619122 0.642491
45049 1.2352 0.4 0.622871 0.616337 0.638952
45099 1.2275 0.4 0.643632 0.604254 0.635659
45149 1.24105 0.4 0.631071 0.628618 0.625529
45199 1.24277 0.4 0.622233 0.614224 0.638203
45249 1.24209 0.4 0.631788 0.593834 0.64724
45299 1.24231 0.4 0.625579 0.602556 0.642444
45349 1.22942 0.4 0.618375 0.609424 0.639835
45399 1.23823 0.4 0.636315 0.612964 0.63337
45449 1.23591 0.4 0.635946 0.614314 0.640332
45499 1.24676 0.4 0.623564 0.619203 0.632943
45549 1.24117 0.4 0.625989 0.601374 0.637847
45599 1.23588 0.4 0.638271 0.617908 0.640909
45649 1.23464 0.4 0.623837 0.618729 0.633868
45699 1.23626 0.4 0.635444 0.61784 0.64118
45749 1.24719 0.4 0.618817 0.606546 0.644458
45799 1.23876 0.4 0.629372 0.613147 0.640963
45849 1.25354 0.4 0.629841 0.611182 0.637449
45899 1.2404 0.4 0.653939 0.609078 0.635374
45949 1.24589 0.4 0.631526 0.615672 0.632245
45999 1.23735 0.4 0.640048 0.605104 0.652678
46049 1.23992 0.4 0.615533 0.607863 0.635065
46099 1.23007 0.4 0.618749 0.614778 0.648189
46149 1.23072 0.4 0.627942 0.615675 0.634975
46199 1.23768 0.4 0.624765 0.601634 0.647121
46249 1.23919 0.4 0.622473 0.634342 0.641796
46299 1.23502 0.4 0.636227 0.608022 0.642027
46349 1.24671 0.4 0.641251 0.612919 0.640909
46399 1.22658 0.4 0.641466 0.622843 0.641891
46449 1.22351 0.4 0.63505 0.597309 0.650621
46499 1.25228 0.4 0.647626 0.619923 0.639331
46549 1.24496 0.4 0.64963 0.617493 0.642159
46599 1.24319 0.4 0.630264 0.615996 0.640323
46649 1.24073 0.4 0.640582 0.619289 0.638632
46699 1.24957 0.4 0.641569 0.60851 0.640237
46749 1.23637 0.4 0.629904 0.609339 0.650924
46799 1.23712 0.4 0.63133 0.612286 0.638075
46849 1.24098 0.4 0.625293 0.597098 0.644165
46899 1.24293 0.4 0.63859 0.61374 0.644494
46949 1.24187 0.4 0.647954 0.618045 0.642968
46999 1.22583 0.4 0.638935 0.610419 0.642299
47049 1.23885 0.4 0.622668 0.611233 0.637713
47099 1.22759 0.4 0.625752 0.622117 0.647881
47149 1.23701 0.4 0.621915 0.605493 0.642251
47199 1.24448 0.4 0.632037 0.622459 0.635932
47249 1.23154 0.4 0.636491 0.612425 0.641869
47299 1.23653 0.4 0.617525 0.619007 0.637831
47349 1.22552 0.4 0.620335 0.62414 0.637221
47399 1.22643 0.4 0.643102 0.61623 0.645571
47449 1.23921 0.4 0.631582 0.623791 0.638819
47499 1.23314 0.4 0.613416 0.61642 0.649166
47549 1.24392 0.4 0.635553 0.608444 0.639265
47599 1.23357 0.4 0.624078 0.622646 0.640796
47649 1.23475 0.4 0.640526 0.610344 0.648374
47699 1.23483 0.4 0.644137 0.615914 0.638461
47749 1.24399 0.4 0.636148 0.614645 0.644258
47799 1.24145 0.4 0.637507 0.604698 0.642716
47849 1.22578 0.4 0.629727 0.623217 0.647475
47899 1.22681 0.4 0.642429 0.626271 0.642167
47949 1.23885 0.4 0.628326 0.613513 0.646631
47999 1.23917 0.4 0.628407 0.606504 0.635555
48049 1.21514 0.4 0.632965 0.60515 0.639879
48099 1.24803 0.4 0.623782 0.634045 0.648519
48149 1.22811 0.4 0.63939 0.615135 0.63359
48199 1.24534 0.4 0.629899 0.610606 0.642724
48249 1.23959 0.4 0.636502 0.613491 0.643215
48299 1.21634 0.4 0.620841 0.623881 0.645958
48349 1.24466 0.4 0.641302 0.610214 0.64084
48399 1.22676 0.4 0.626513 0.612928 0.639482
48449 1.23812 0.4 0.636608 0.597967 0.641253
48499 1.23399 0.4 0.634607 0.623609 0.643104
48549 1.22048 0.4 0.647418 0.610558 0.635809
48599 1.21274 0.4 0.634206 0.624611 0.638418
48649 1.24192 0.4 0.632474 0.625698 0.642698
48699 1.23855 0.4 0.621027 0.618255 0.638885
48749 1.22431 0.4 0.633446 0.622259 0.642171
48799 1.23076 0.4 0.633854 0.606141 0.641533
48849 1.23505 0.4 0.621282 0.615871 0.647023
48899 1.23741 0.4 0.643668 0.613855 0.639473
48949 1.22892 0.4 0.623585 0.613549 0.644642
48999 1.22684 0.4 0.620232 0.618897 0.644884
49049 1.23862 0.4 0.628014 0.618744 0.639817
49099 1.23108 0.4 0.629282 0.612062 0.637097
49149 1.22923 0.4 0.645237 0.612455 0.642792
49199 1.2131 0.4 0.635598 0.616588 0.649842
49249 1.23226 0.4 0.629603 0.615443 0.644872
49299 1.22289 0.4 0.630294 0.628899 0.644675
49349 1.24451 0.4 0.618064 0.613455 0.646947
49399 1.2282 0.4 0.634226 0.617895 0.651669
49449 1.23675 0.4 0.610122 0.600126 0.645514
49499 1.2254 0.4 0.624928 0.616815 0.647572
49549 1.23412 0.4 0.625238 0.625565 0.646757
49599 1.23718 0.4 0.625826 0.616291 0.651682
49649 1.22984 0.4 0.616019 0.618006 0.641919
49699 1.23204 0.4 0.633561 0.610266 0.633554
49749 1.24291 0.4 0.635009 0.618106 0.650461
49799 1.23388 0.4 0.617841 0.618429 0.635257
49849 1.23217 0.4 0.645096 0.600009 0.644901
49899 1.24214 0.4 0.630205 0.611168 0.641534
49949 1.23702 0.4 0.63568 0.621677 0.656467
49999 1.22594 0.4 0.637826 0.605637 0.643814
50049 1.22679 0.4 0.626267 0.604203 0.648983
50099 1.21855 0.4 0.628287 0.611765 0.635438
50149 1.23728 0.4 0.628154 0.609069 0.651191
50199 1.22388 0.4 0.619399 0.616896 0.647297
50249 1.24345 0.4 0.642184 0.604951 0.645302
50299 1.22894 0.4 0.633118 0.608887 0.650999
50349 1.23126 0.4 0.6223 0.61815 0.652312
50399 1.23059 0.4 0.634517 0.603956 0.647649
50449 1.23204 0.4 0.646598 0.621814 0.649525
50499 1.22065 0.4 0.644777 0.612582 0.64766
50549 1.23089 0.4 0.645087 0.613039 0.64497
50599 1.23831 0.4 0.638959 0.601527 0.651773
50649 1.21889 0.4 0.623375 0.625498 0.646591
50699 1.2344 0.4 0.626043 0.617153 0.648054
50749 1.23346 0.4 0.63035 0.63001 0.650276
50799 1.22658 0.4 0.635797 0.612884 0.653876
50849 1.22215 0.4 0.615042 0.610209 0.658056
50899 1.23832 0.4 0.627754 0.620529 0.648311
50949 1.23197 0.4 0.627877 0.616259 0.648155
50999 1.23641 0.4 0.638026 0.606864 0.648323
51049 1.22242 0.4 0.621248 0.609483 0.646355
51099 1.22944 0.4 0.63277 0.622066 0.654638
51149 1.22892 0.4 0.627366 0.609548 0.644134
51199 1.21892 0.4 0.628356 0.619659 0.637631
51249 1.23343 0.4 0.634076 0.609297 0.647268
51299 1.22937 0.4 0.628639 0.610022 0.645311
51349 1.22892 0.4 0.634751 0.622469 0.658204
51399 1.22491 0.4 0.620586 0.612051 0.660723
51449 1.23821 0.4 0.629553 0.614474 0.641467
51499 1.22573 0.4 0.634807 0.602178 0.647181
51549 1.21959 0.4 0.633974 0.607437 0.652164
51599 1.21961 0.4 0.626842 0.60921 0.654256
51649 1.23827 0.4 0.638717 0.606349 0.65539
51699 1.23105 0.4 0.632412 0.613888 0.654742
51749 1.23339 0.4 0.634277 0.621658 0.643894
51799 1.24261 0.4 0.632817 0.610281 0.637566
51849 1.22435 0.4 0.640851 0.618149 0.644939
51899 1.22153 0.4 0.625874 0.616684 0.646364
51949 1.22482 0.4 0.627533 0.609788 0.644219
51999 1.23944 0.4 0.636373 0.620602 0.655351
52049 1.22206 0.4 0.645037 0.60383 0.657165
52099 1.23315 0.4 0.643553 0.622379 0.651251
52149 1.22803 0.4 0.651068 0.617636 0.652461
52199 1.22565 0.4 0.64416 0.618122 0.651613
52249 1.2098 0.4 0.641652 0.613549 0.644843
52299 1.22842 0.4 0.636332 0.607292 0.652697
52349 1.23518 0.4 0.630036 0.610177 0.646342
52399 1.22208 0.4 0.626155 0.611124 0.655221
52449 1.23475 0.4 0.631878 0.622269 0.641877
52499 1.22436 0.4 0.632548 0.619097 0.643409
52549 1.21253 0.4 0.638518 0.616608 0.644424
52599 1.21849 0.4 0.620302 0.608019 0.63697
52649 1.22405 0.4 0.641159 0.61622 0.651678
52699 1.23391 0.4 0.626121 0.619986 0.647662
52749 1.21248 0.4 0.62281 0.615421 0.639385
52799 1.22941 0.4 0.635048 0.613319 0.645912
52849 1.2239 0.4 0.639349 0.604715 0.651924
52899 1.22662 0.4 0.615036 0.608119 0.64744
52949 1.23619 0.4 0.63827 0.626122 0.64985
52999 1.22069 0.4 0.644649 0.606588 0.650324
53049 1.23014 0.4 0.622498 0.599182 0.657284
53099 1.23016 0.4 0.638091 0.599178 0.648799
53149 1.23882 0.4 0.636758 0.622432 0.652752
53199 1.22268 0.4 0.62042 0.615757 0.653624
53249 1.21888 0.4 0.616241 0.621795 0.637932
53299 1.22477 0.4 0.620087 0.607888 0.65038
53349 1.2258 0.4 0.631181 0.61966 0.65152
53399 1.22874 0.4 0.633508 0.61258 0.652643
53449 1.21911 0.4 0.632699 0.605199 0.647059
53499 1.23305 0.4 0.631386 0.603433 0.647746
53549 1.22464 0.4 0.622496 0.617558 0.649121
53599 1.22708 0.4 0.623613 0.612571 0.64786
53649 1.21574 0.4 0.625961 0.615809 0.646416
53699 1.23198 0.4 0.640625 0.611536 0.651618
53749 1.22079 0.4 0.62304 0.610811 0.653163
53799 1.23492 0.4 0.625371 0.600806 0.656822
53849 1.23384 0.4 0.623323 0.611171 0.6423
53899 1.23022 0.4 0.628931 0.623683 0.650334
53949 1.21954 0.4 0.614406 0.61223 0.652007
53999 1.2286 0.4 0.629772 0.608998 0.660458
54049 1.23058 0.4 0.631746 0.625301 0.653593
54099 1.2205 0.4 0.629848 0.619119 0.650084
54149 1.23055 0.4 0.627987 0.607071 0.645333
54199 1.22403 0.4 0.634545 0.614745 0.654364
54249 1.23504 0.4 0.642031 0.621452 0.658513
54299 1.21352 0.4 0.632655 0.615174 0.650787
54349 1.2042 0.4 0.631234 0.615352 0.641711
54399 1.22929 0.4 0.638054 0.609579 0.645839
54449 1.22024 0.4 0.6211 0.616901 0.642585
54499 1.21066 0.4 0.627403 0.615265 0.653236
54549 1.22402 0.4 0.62061 0.624571 0.651693
54599 1.21883 0.4 0.646074 0.601475 0.64563
54649 1.21182 0.4 0.623439 0.610972 0.658176
54699 1.2082 0.4 0.639705 0.623809 0.651682
54749 1.22483 0.4 0.620194 0.627116 0.654027
54799 1.22408 0.4 0.639562 0.628175 0.649296
54849 1.22769 0.4 0.63505 0.607514 0.650946
54899 1.23086 0.4 0.634163 0.613485 0.64957
54949 1.21895 0.4 0.636743 0.609637 0.6433
54999 1.22525 0.4 0.632387 0.610643 0.649207
55049 1.22397 0.4 0.620389 0.603349 0.654975
55099 1.22058 0.4 0.636295 0.614644 0.644066
55149 1.23023 0.4 0.619429 0.612679 0.655318
55199 1.22064 0.4 0.623616 0.617118 0.653101
55249 1.21657 0.4 0.635023 0.612031 0.664563
55299 1.23033 0.4 0.644557 0.61702 0.653155
55349 1.22063 0.4 0.643737 0.615863 0.647968
55399 1.22303 0.4 0.626807 0.625597 0.653707
55449 1.20759 0.4 0.627224 0.619147 0.651624
55499 1.22492 0.4 0.624401 0.615762 0.653688
55549 1.21497 0.4 0.634863 0.619844 0.652774
55599 1.23005 0.4 0.61923 0.61186 0.649804
55649 1.22629 0.4 0.631373 0.610172 0.65457
55699 1.21799 0.4 0.622079 0.59964 0.644435
55749 1.23423 0.4 0.634213 0.599415 0.654627
55799 1.21858 0.4 0.640697 0.620395 0.651833
55849 1.21608 0.4 0.643164 0.612243 0.649591
55899 1.22076 0.4 0.633441 0.596303 0.652758
55949 1.21479 0.4 0.618727 0.609787 0.651218
55999 1.22671 0.4 0.633741 0.619922 0.651889
56049 1.2158 0.4 0.620004 0.598725 0.649482
56099 1.22622 0.4 0.649475 0.607919 0.645757
56149 1.21287 0.4 0.624597 0.613851 0.637864
56199 1.22997 0.4 0.630192 0.613219 0.664162
56249 1.22567 0.4 0.626878 0.608098 0.649807
56299 1.21044 0.4 0.624778 0.607207 0.658089
56349 1.22065 0.4 0.633342 0.617688 0.647008
56399 1.22224 0.4 0.643121 0.6168 0.658812
56449 1.22789 0.4 0.63042 0.604061 0.655497
56499 1.20844 0.4 0.630624 0.629435 0.657633
56549 1.22092 0.4 0.629828 0.615675 0.652161
56599 1.22025 0.4 0.628385 0.614585 0.652188
56649 1.23188 0.4 0.623655 0.608702 0.655883
56699 1.23181 0.4 0.617174 0.624516 0.656068
56749 1.2235 0.4 0.63876 0.609305 0.669439
56799 1.21877 0.4 0.625852 0.617112 0.648387
56849 1.2301 0.4 0.625064 0.622144 0.657828
56899 1.22321 0.4 0.632971 0.614886 0.653282
56949 1.22938 0.4 0.630375 0.607223 0.642592
56999 1.23067 0.4 0.640609 0.612004 0.646472
57049 1.22528 0.4 0.640522 0.612447 0.656727
57099 1.21822 0.4 0.62939 0.609691 0.643955
57149 1.2149 0.4 0.626758 0.622999 0.649032
57199 1.22111 0.4 0.63903 0.614883 0.653647
57249 1.21576 0.4 0.622084 0.607528 0.653967
57299 1.20703 0.4 0.623861 0.596132 0.649811
57349 1.21073 0.4 0.625685 0.611985 0.651668
57399 1.217 0.4 0.638742 0.598137 0.647255
57449 1.23116 0.4 0.630105 0.609429 0.653373
57499 1.22427 0.4 0.627073 0.61414 0.648936
57549 1.21954 0.4 0.611025 0.623894 0.648665
57599 1.23091 0.4 0.635865 0.617472 0.659996
57649 1.22774 0.4 0.616759 0.603734 0.648222
57699 1.20629 0.4 0.623039 0.612615 0.65296
57749 1.21687 0.4 0.638033 0.605683 0.661873
57799 1.22918 0.4 0.630791 0.600846 0.65461
57849 1.21772 0.4 0.618862 0.603417 0.6509
57899 1.21378 0.4 0.643917 0.612027 0.649625
57949 1.21979 0.4 0.639462 0.608772 0.654421
57999 1.23025 0.4 0.631881 0.614408 0.647187
58049 1.23117 0.4 0.642074 0.604106 0.654261
58099 1.21871 0.4 0.625858 0.617448 0.640667
58149 1.22161 0.4 0.633661 0.603835 0.657448
58199 1.22715 0.4 0.627615 0.606867 0.651419
58249 1.23172 0.4 0.639255 0.613864 0.647097
58299 1.21416 0.4 0.618089 0.62286 0.651541
58349 1.21269 0.4 0.614375 0.617448 0.64528
58399 1.20472 0.4 0.621907 0.618839 0.648857
58449 1.21671 0.4 0.630252 0.614537 0.652777
58499 1.21791 0.4 0.63409 0.602559 0.646191
58549 1.21411 0.4 0.640535 0.60845 0.646639
58599 1.20352 0.4 0.63513 0.60751 0.652304
58649 1.20373 0.4 0.633249 0.604655 0.652172
58699 1.22471 0.4 0.623514 0.620734 0.65182
58749 1.22617 0.4 0.631132 0.621229 0.650951
58799 1.22276 0.4 0.632808 0.600366 0.650817
58849 1.21292 0.4 0.625099 0.606812 0.658127
58899 1.21322 0.4 0.614696 0.613072 0.655873
58949 1.22514 0.4 0.64402 0.600515 0.654001
58999 1.21206 0.4 0.636644 0.606038 0.644689
59049 1.22341 0.4 0.632309 0.605687 0.645311
59099 1.22142 0.4 0.644136 0.620617 0.644457
59149 1.23128 0.4 0.62929 0.604616 0.646409
59199 1.2297 0.4 0.635293 0.605382 0.65076
59249 1.21318 0.4 0.628505 0.624493 0.648584
59299 1.21012 0.4 0.632727 0.629158 0.652242
59349 1.21553 0.4 0.62409 0.609084 0.647008
59399 1.21352 0.4 0.631476 0.61381 0.649635
59449 1.22354 0.4 0.60814 0.615409 0.652129
59499 1.20838 0.4 0.629656 0.620535 0.648144
59549 1.2215 0.4 0.6242 0.601478 0.665917
59599 1.21454 0.4 0.640361 0.608336 0.643216
59649 1.21286 0.4 0.627069 0.608619 0.64172
59699 1.23107 0.4 0.63088 0.609343 0.651364
59749 1.21679 0.4 0.621251 0.614874 0.646031
59799 1.21166 0.4 0.625951 0.614839 0.645
59849 1.20827 0.4 0.635482 0.621493 0.648505
59899 1.2161 0.4 0.640756 0.619023 0.649297
59949 1.21387 0.4 0.626945 0.604416 0.640381
59999 1.21301 0.4 0.633432 0.611864 0.644723
60049 1.22167 0.4 0.630967 0.611327 0.653677
60099 1.22341 0.4 0.631211 0.618132 0.648032
60149 1.21651 0.4 0.633888 0.627418 0.648377
60199 1.22393 0.4 0.616544 0.604276 0.647395
60249 1.21575 0.4 0.648885 0.620191 0.65271
60299 1.22216 0.4 0.63311 0.599621 0.640211
60349 1.21951 0.4 0.635213 0.611212 0.642781
60399 1.21195 0.4 0.623339 0.607813 0.648035
60449 1.22555 0.4 0.619283 0.624817 0.650909
60499 1.22188 0.4 0.619641 0.609957 0.640822
60549 1.21917 0.4 0.626896 0.60963 0.646101
60599 1.2217 0.4 0.638121 0.609625 0.646116
60649 1.2134 0.4 0.617405 0.625221 0.655826
60699 1.22431 0.4 0.638864 0.620132 0.64583
60749 1.21885 0.4 0.634703 0.625149 0.646165
60799 1.23131 0.4 0.609524 0.616836 0.641069
60849 1.2058 0.4 0.627748 0.595047 0.645617
60899 1.20349 0.4 0.641197 0.6145 0.643111
60949 1.22272 0.4 0.633344 0.61525 0.649943
60999 1.21446 0.4 0.629002 0.603622 0.646312
61049 1.21118 0.4 0.627282 0.614611 0.647956
61099 1.19848 0.4 0.627177 0.597367 0.6424
61149 1.2181 0.4 0.625385 0.612257 0.648201
61199 1.2056 0.4 0.613247 0.622924 0.638228
61249 1.21696 0.4 0.630775 0.600979 0.644074
61299 1.22936 0.4 0.636548 0.613299 0.644927
61349 1.21805 0.4 0.622394 0.618379 0.650935
61399 1.2159 0.4 0.627368 0.618161 0.651794
61449 1.21542 0.4 0.61985 0.621111 0.639745
61499 1.21247 0.4 0.644096 0.603678 0.654429
61549 1.22109 0.4 0.622343 0.607772 0.64645
61599 1.2346 0.4 0.634519 0.61751 0.648917
61649 1.22613 0.4 0.642733 0.603152 0.647576
61699 1.20558 0.4 0.639093 0.615179 0.642686
61749 1.21631 0.4 0.61619 0.614704 0.645131
61799 1.21593 0.4 0.612777 0.61059 0.652545
61849 1.20795 0.4 0.633662 0.613581 0.647008
61899 1.23391 0.4 0.631191 0.606889 0.650854
61949 1.21457 0.4 0.630156 0.618531 0.64018
61999 1.22114 0.4 0.636204 0.620593 0.65191
62049 1.23193 0.4 0.628966 0.606396 0.638704
62099 1.21301 0.4 0.645493 0.604106 0.635367
62149 1.21591 0.4 0.627472 0.605375 0.645298
62199 1.2307 0.4 0.618635 0.618256 0.649315
62249 1.20467 0.4 0.638298 0.610926 0.637323
62299 1.20976 0.4 0.629078 0.615593 0.650182
62349 1.21826 0.4 0.64167 0.614941 0.65371
62399 1.22295 0.4 0.621023 0.605942 0.652224
62449 1.22035 0.4 0.637391 0.614317 0.643743
62499 1.21145 0.4 0.625059 0.597879 0.63969
62549 1.21882 0.4 0.626094 0.609511 0.645273
62599 1.21955 0.4 0.636765 0.61971 0.644817
62649 1.21888 0.4 0.636228 0.619535 0.638958
62699 1.20984 0.4 0.632727 0.615536 0.646761
62749 1.22039 0.4 0.63686 0.620962 0.640619
62799 1.22348 0.4 0.639512 0.603155 0.642504
62849 1.22539 0.4 0.609081 0.60105 0.649688
62899 1.21406 0.4 0.634724 0.613295 0.633534
62949 1.20589 0.4 0.619984 0.622883 0.638747
62999 1.20813 0.4 0.633855 0.608381 0.64159
63049 1.21306 0.4 0.627976 0.604792 0.653474
63099 1.22097 0.4 0.612924 0.613662 0.652946
63149 1.2261 0.4 0.643862 0.599449 0.649268
63199 1.21143 0.4 0.627796 0.61482 0.641956
63249 1.21759 0.4 0.630066 0.608648 0.635917
63299 1.21981 0.4 0.6421 0.598085 0.638579
63349 1.21979 0.4 0.624309 0.597172 0.641924
63399 1.21174 0.4 0.629777 0.618968 0.645289
63449 1.21896 0.4 0.630357 0.619389 0.649541
63499 1.2232 0.4 0.625741 0.616274 0.635721
63549 1.21334 0.4 0.644271 0.614427 0.645092
63599 1.20746 0.4 0.618811 0.608972 0.64223
63649 1.22681 0.4 0.633857 0.60146 0.644419
63699 1.20983 0.4 0.630798 0.621316 0.641061
63749 1.20329 0.4 0.639795 0.604535 0.648187
63799 1.20558 0.4 0.622788 0.599621 0.633421
63849 1.22379 0.4 0.621844 0.619576 0.634455
63899 1.21452 0.4 0.620916 0.607349 0.646593
63949 1.21874 0.4 0.629634 0.621759 0.630292
63999 1.21102 0.4 0.636902 0.603096 0.632551
64049 1.2025 0.4 0.624928 0.626966 0.647977
64099 1.21252 0.4 0.634625 0.607953 0.645927
64149 1.21324 0.4 0.62951 0.612323 0.652763
64199 1.20838 0.4 0.623095 0.606248 0.634454
64249 1.21091 0.4 0.639911 0.616501 0.644542
64299 1.20647 0.4 0.642159 0.605321 0.644353
64349 1.2055 0.4 0.626242 0.610955 0.650493
64399 1.2105 0.4 0.616302 0.610521 0.646231
64449 1.21004 0.4 0.635 0.599239 0.634561
64499 1.22544 0.4 0.627615 0.613797 0.634847
64549 1.22047 0.4 0.632335 0.619531 0.6406
64599 1.21347 0.4 0.638122 0.61466 0.656715
64649 1.21019 0.4 0.622671 0.60094 0.640367
64699 1.21367 0.4 0.630868 0.609574 0.647902
64749 1.20947 0.4 0.64055 0.619698 0.641611
64799 1.21234 0.4 0.635907 0.618494 0.639063
64849 1.21285 0.4 0.623939 0.621967 0.645029
64899 1.21663 0.4 0.633605 0.612453 0.645556
64949 1.18955 0.4 0.637179 0.611005 0.64615
64999 1.21307 0.4 0.64051 0.602485 0.641343
65049 1.22017 0.4 0.625826 0.614982 0.636573
65099 1.22123 0.4 0.638677 0.61996 0.654454
65149 1.21019 0.4 0.641247 0.612862 0.631841
65199 1.21774 0.4 0.637174 0.62267 0.637548
65249 1.22362 0.4 0.62627 0.614279 0.636207
65299 1.20307 0.4 0.642922 0.61139 0.642633
65349 1.22066 0.4 0.638631 0.611752 0.648863
65399 1.20755 0.4 0.628561 0.6001 0.645181
65449 1.20944 0.4 0.631782 0.625334 0.642255
65499 1.21172 0.4 0.64303 0.596428 0.63806
65549 1.2042 0.4 0.626342 0.607355 0.649649
65599 1.22103 0.4 0.614149 0.614349 0.641734
65649 1.20745 0.4 0.630007 0.605664 0.633808
65699 1.20395 0.4 0.638429 0.617954 0.637501
65749 1.21116 0.4 0.632326 0.619905 0.644162
65799 1.22787 0.4 0.611443 0.614792 0.648269
65849 1.22468 0.4 0.621018 0.604718 0.646085
65899 1.20351 0.4 0.62131 0.606014 0.639061
65949 1.20688 0.4 0.641249 0.609881 0.642179
65999 1.22248 0.4 0.632601 0.614627 0.631967
66049 1.20937 0.4 0.642351 0.60563 0.644249
66099 1.20006 0.4 0.646044 0.61552 0.646366
66149 1.21797 0.4 0.628455 0.607284 0.640745
66199 1.21533 0.4 0.631362 0.602798 0.638169
66249 1.21478 0.4 0.618491 0.619823 0.638403
66299 1.20637 0.4 0.627618 0.614894 0.649013
66349 1.2126 0.4 0.610053 0.613163 0.652043
66399 1.21725 0.4 0.629113 0.611744 0.635656
66449 1.22263 0.4 0.627635 0.620732 0.63876
66499 1.22067 0.4 0.625625 0.616681 0.649334
66549 1.21849 0.4 0.636461 0.616087 0.633114
66599 1.2003 0.4 0.631606 0.615218 0.648807
66649 1.20366 0.4 0.637868 0.628674 0.646024
66699 1.21094 0.4 0.62784 0.60842 0.655276
66749 1.20695 0.4 0.624694 0.61356 0.638676
66799 1.21285 0.4 0.636972 0.612955 0.636927
66849 1.20216 0.4 0.643955 0.619046 0.640024
66899 1.2106 0.4 0.650239 0.613869 0.644592
66949 1.2049 0.4 0.632465 0.619628 0.630453
66999 1.20067 0.4 0.630554 0.602907 0.645924
67049 1.20751 0.4 0.636351 0.612001 0.638446
67099 1.20469 0.4 0.620228 0.616111 0.631645
67149 1.21703 0.4 0.62862 0.625558 0.646673
67199 1.21764 0.4 0.638404 0.599444 0.641748
67249 1.22334 0.4 0.624916 0.607157 0.639204
67299 1.21287 0.4 0.636369 0.609814 0.640196
67349 1.21251 0.4 0.611321 0.602564 0.639634
67399 1.2155 0.4 0.636329 0.609806 0.639039
67449 1.21128 0.4 0.622301 0.615916 0.631722
67499 1.20167 0.4 0.638995 0.614551 0.642253
67549 1.20245 0.4 0.644173 0.611096 0.635166
67599 1.21142 0.4 0.627229 0.618908 0.643526
67649 1.20876 0.4 0.640212 0.615786 0.641765
67699 1.21404 0.4 0.627404 0.60823 0.634325
67749 1.20733 0.4 0.630946 0.593917 0.64633
67799 1.21703 0.4 0.62711 0.614812 0.645384
67849 1.21821 0.4 0.62451 0.605843 0.63471
67899 1.20175 0.4 0.628795 0.6163 0.648744
67949 1.21611 0.4 0.636136 0.622216 0.633412
67999 1.20844 0.4 0.620367 0.615323 0.638458
68049 1.21105 0.4 0.628885 0.602861 0.640127
68099 1.21718 0.4 0.637008 0.609306 0.640454
68149 1.20293 0.4 0.612892 0.618025 0.631809
68199 1.21193 0.4 0.62953 0.604123 0.648004
68249 1.20284 0.4 0.62406 0.60001 0.642802
68299 1.20894 0.4 0.62416 0.617297 0.640899
68349 1.20242 0.4 0.640335 0.62256 0.635446
68399 1.20356 0.4 0.645382 0.608284 0.647228
68449 1.19444 0.4 0.632149 0.606886 0.642746
68499 1.22228 0.4 0.627662 0.604363 0.621162
68549 1.20565 0.4 0.627065 0.628511 0.636966
68599 1.2114 0.4 0.63217 0.625251 0.6417
68649 1.20706 0.4 0.633691 0.614167 0.641922
68699 1.20962 0.4 0.630909 0.610977 0.637897
68749 1.21446 0.4 0.641653 0.611021 0.629068
68799 1.2071 0.4 0.63932 0.606937 0.638243
68849 1.21552 0.4 0.629852 0.603355 0.637504
68899 1.21539 0.4 0.630618 0.61904 0.63859
68949 1.20161 0.4 0.628086 0.615828 0.638598
68999 1.21109 0.4 0.62722 0.593488 0.631166
69049 1.20665 0.4 0.636777 0.620328 0.648569
69099 1.20757 0.4 0.643135 0.598432 0.630348
69149 1.19831 0.4 0.62415 0.606572 0.646595
69199 1.20608 0.4 0.634255 0.611796 0.652224
69249 1.19678 0.4 0.629678 0.614465 0.634584
69299 1.20264 0.4 0.621528 0.619481 0.650039
69349 1.20459 0.4 0.616372 0.632129 0.649908
69399 1.21018 0.4 0.643266 0.607842 0.638737
69449 1.20712 0.4 0.643118 0.620166 0.63389
69499 1.21077 0.4 0.633311 0.612114 0.645492
69549 1.2007 0.4 0.628806 0.617589 0.640124
69599 1.21785 0.4 0.624362 0.61223 0.625707
69649 1.21422 0.4 0.634173 0.594145 0.633964
69699 1.19007 0.4 0.622698 0.611993 0.641547
69749 1.20553 0.4 0.617112 0.615463 0.640975
69799 1.20792 0.4 0.633301 0.60642 0.642531
69849 1.19981 0.4 0.632426 0.617351 0.63356
69899 1.19996 0.4 0.630454 0.603742 0.650362
69949 1.21031 0.4 0.628271 0.614573 0.628589
69999 1.20406 0.4 0.636158 0.609775 0.639492
70049 1.20257 0.4 0.62879 0.612481 0.631053
70099 1.22038 0.4 0.635288 0.613088 0.639702
70149 1.20429 0.4 0.603257 0.629537 0.641933
70199 1.20593 0.4 0.62462 0.607984 0.636799
70249 1.21303 0.4 0.642312 0.615903 0.631644
70299 1.19996 0.4 0.630631 0.623816 0.63736
70349 1.22942 0.4 0.624109 0.607521 0.634464
70399 1.18757 0.4 0.631238 0.611378 0.635982
70449 1.21503 0.4 0.633544 0.607219 0.639978
70499 1.19522 0.4 0.644569 0.610408 0.632948
70549 1.1952 0.4 0.636518 0.616213 0.634737
70599 1.20888 0.4 0.632746 0.616395 0.628807
70649 1.21499 0.4 0.621476 0.616785 0.633033
70699 1.20309 0.4 0.629858 0.625806 0.628156
70749 1.20585 0.4 0.629367 0.6038 0.630773
70799 1.19821 0.4 0.626452 0.595751 0.633136
70849 1.20724 0.4 0.622538 0.623135 0.638608
70899 1.21774 0.4 0.64092 0.623548 0.631195
70949 1.19757 0.4 0.630187 0.614298 0.639813
70999 1.20653 0.4 0.626367 0.618652 0.63932
71049 1.19809 0.4 0.61801 0.615411 0.632835
71099 1.19822 0.4 0.618957 0.612861 0.638084
71149 1.19989 0.4 0.631221 0.613347 0.637432
71199 1.19992 0.4 0.631053 0.620874 0.632682
71249 1.20453 0.4 0.623706 0.613345 0.639213
71299 1.21021 0.4 0.639935 0.626785 0.630181
71349 1.21104 0.4 0.61879 0.606946 0.637121
71399 1.19532 0.4 0.615302 0.609483 0.643416
71449 1.20108 0.4 0.623102 0.616782 0.641783
71499 1.19067 0.4 0.624919 0.616436 0.635628
71549 1.2065 0.4 0.628857 0.61111 0.625252
71599 1.20238 0.4 0.636637 0.616934 0.634663
71649 1.1979 0.4 0.613305 0.61781 0.645161
71699 1.20606 0.4 0.616452 0.612584 0.638607
71749 1.21201 0.4 0.632797 0.621722 0.644786
71799 1.20704 0.4 0.621483 0.598541 0.643104
71849 1.20535 0.4 0.613057 0.605301 0.639083
71899 1.20888 0.4 0.62802 0.607555 0.645234
71949 1.20099 0.4 0.626221 0.613167 0.633541
71999 1.194 0.4 0.642966 0.624008 0.630766
72049 1.20519 0.4 0.632252 0.61427 0.640196
72099 1.21677 0.4 0.63405 0.624263 0.63307
72149 1.19742 0.4 0.631917 0.604931 0.642113
72199 1.20233 0.4 0.63474 0.616092 0.629989
72249 1.19773 0.4 0.625558 0.618558 0.643954
72299 1.19616 0.4 0.631096 0.618871 0.630557
72349 1.20554 0.4 0.635603 0.611605 0.639372
72399 1.20245 0.4 0.636747 0.615141 0.635406
72449 1.20354 0.4 0.629097 0.612443 0.638624
72499 1.20624 0.4 0.625722 0.607468 0.641197
72549 1.20083 0.4 0.623353 0.614031 0.632195
72599 1.2046 0.4 0.617266 0.598407 0.642757
72649 1.21453 0.4 0.637529 0.614048 0.632602
72699 1.20253 0.4 0.621907 0.593065 0.63249
72749 1.22955 0.4 0.6467 0.608498 0.638113
72799 1.20308 0.4 0.640827 0.611261 0.638816
72849 1.21196 0.4 0.632474 0.603 0.635308
72899 1.20843 0.4 0.631581 0.632916 0.623937
72949 1.21115 0.4 0.643352 0.62085 0.640026
72999 1.19924 0.4 0.644196 0.612088 0.643982
73049 1.20235 0.4 0.642836 0.608883 0.633878
73099 1.19662 0.4 0.632905 0.622293 0.636183
73149 1.20366 0.4 0.634618 0.61032 0.632088
73199 1.19944 0.4 0.61792 0.603533 0.644466
73249 1.20122 0.4 0.626377 0.61822 0.636865
73299 1.2087 0.4 0.611357 0.609744 0.630993
73349 1.20759 0.4 0.63407 0.614136 0.63924
73399 1.20437 0.4 0.631966 0.622534 0.640764
73449 1.19426 0.4 0.644292 0.606764 0.636808
73499 1.1963 0.4 0.634914 0.619514 0.642088
73549 1.20601 0.4 0.636731 0.61944 0.634868
73599 1.19035 0.4 0.639962 0.596936 0.63724
73649 1.20742 0.4 0.625862 0.617417 0.641097
73699 1.20708 0.4 0.640236 0.599836 0.625112
73749 1.197 0.4 0.624634 0.613821 0.629918
73799 1.19743 0.4 0.62713 0.622879 0.636047
73849 1.19279 0.4 0.634244 0.606287 0.638031
73899 1.21163 0.4 0.624995 0.623757 0.63602
73949 1.18853 0.4 0.63029 0.616621 0.634868
73999 1.20647 0.4 0.624791 0.615007 0.645764
74049 1.20117 0.4 0.632637 0.614794 0.635883
74099 1.19129 0.4 0.623631 0.624415 0.631848
74149 1.20481 0.4 0.633427 0.601167 0.634915
74199 1.20296 0.4 0.649287 0.607722 0.639192
74249 1.19857 0.4 0.629513 0.612336 0.629681
74299 1.20029 0.4 0.625206 0.617076 0.630045
74349 1.19981 0.4 0.623946 0.612598 0.627623
74399 1.19585 0.4 0.611469 0.607505 0.645227
74449 1.21053 0.4 0.64481 0.617547 0.632921
74499 1.21179 0.4 0.626307 0.607806 0.641313
74549 1.21114 0.4 0.633045 0.593189 0.62509
74599 1.21362 0.4 0.641983 0.608979 0.643104
74649 1.19564 0.4 0.617646 0.611229 0.648001
74699 1.19449 0.4 0.637464 0.616903 0.631634
74749 1.20742 0.4 0.632395 0.608043 0.645057
74799 1.19528 0.4 0.633623 0.61574 0.629993
74849 1.1997 0.4 0.6275 0.616833 0.639953
74899 1.19681 0.4 0.630296 0.613051 0.635837
74949 1.191 0.4 0.616387 0.614769 0.633448
74999 1.20268 0.4 0.623472 0.602856 0.642577
75049 1.21617 0.4 0.622013 0.617585 0.641724
75099 1.20701 0.4 0.639041 0.601795 0.628872
75149 1.20428 0.4 0.629875 0.612284 0.639585
75199 1.20127 0.4 0.6221 0.622405 0.632891
75249 1.2026 0.4 0.631536 0.61089 0.648996
75299 1.19749 0.4 0.634813 0.602764 0.639941
75349 1.2033 0.4 0.637433 0.613067 0.641665
75399 1.19591 0.4 0.630943 0.612634 0.628952
75449 1.21095 0.4 0.621057 0.6123 0.641443
75499 1.20468 0.4 0.638138 0.611601 0.633169
75549 1.20227 0.4 0.641345 0.612118 0.624668
75599 1.19807 0.4 0.625821 0.614765 0.645564
75649 1.1924 0.4 0.631653 0.618042 0.629593
75699 1.20209 0.4 0.624867 0.616777 0.630852
75749 1.21822 0.4 0.625466 0.621025 0.633755
75799 1.20454 0.4 0.625887 0.622985 0.631399
75849 1.19397 0.4 0.641262 0.62059 0.624683
75899 1.20076 0.4 0.630966 0.614834 0.623539
75949 1.20987 0.4 0.626044 0.619665 0.640195
75999 1.20895 0.4 0.631096 0.615512 0.639588
76049 1.18761 0.4 0.617998 0.606686 0.632812
76099 1.2003 0.4 0.636787 0.622453 0.639871
76149 1.19486 0.4 0.630092 0.62055 0.633577
76199 1.19906 0.4 0.632485 0.611224 0.641073
76249 1.20493 0.4 0.639706 0.61789 0.639684
76299 1.18886 0.4 0.641104 0.601725 0.639036
76349 1.20252 0.4 0.617184 0.604764 0.631821
76399 1.19559 0.4 0.642137 0.614111 0.63626
76449 1.19662 0.4 0.635186 0.608266 0.63446
76499 1.20269 0.4 0.614775 0.613128 0.638707
76549 1.20923 0.4 0.628831 0.620799 0.627574
76599 1.19799 0.4 0.641533 0.599779 0.632785
76649 1.20543 0.4 0.615525 0.600723 0.630769
76699 1.20588 0.4 0.645621 0.617956 0.630697
76749 1.20003 0.4 0.629525 0.620003 0.644473
76799 1.20382 0.4 0.636176 0.615497 0.633382
76849 1.1895 0.4 0.642524 0.616159 0.633347
76899 1.18994 0.4 0.632382 0.614609 0.637032
76949 1.20009 0.4 0.629684 0.625076 0.628156
76999 1.20412 0.4 0.62282 0.618511 0.627572
77049 1.2012 0.4 0.614742 0.61353 0.637306
77099 1.20964 0.4 0.603367 0.608526 0.639723
77149 1.19765 0.4 0.631514 0.60717 0.630653
77199 1.20824 0.4 0.637508 0.613271 0.631609
77249 1.2071 0.4 0.642103 0.604152 0.630229
77299 1.20199 0.4 0.630472 0.619444 0.642657
77349 1.20966 0.4 0.631187 0.623058 0.642036
77399 1.18929 0.4 0.615192 0.602396 0.635297
77449 1.19563 0.4 0.635686 0.612919 0.632749
77499 1.21407 0.4 0.632307 0.619713 0.639608
77549 1.20156 0.4 0.623276 0.599589 0.649239
77599 1.19547 0.4 0.619312 0.611633 0.633582
77649 1.19838 0.4 0.622528 0.615535 0.62816
77699 1.20436 0.4 0.625661 0.614118 0.642587
77749 1.19807 0.4 0.637147 0.626658 0.640309
77799 1.18922 0.4 0.613644 0.607515 0.624403
77849 1.20614 0.4 0.635926 0.626626 0.631586
77899 1.20224 0.4 0.637114 0.62126 0.637275
77949 1.19285 0.4 0.638155 0.616001 0.637006
77999 1.20274 0.4 0.621351 0.606809 0.636636
78049 1.19061 0.4 0.616233 0.604611 0.643281
78099 1.20132 0.4 0.621924 0.612302 0.639604
78149 1.19721 0.4 0.622658 0.605416 0.635902
78199 1.20657 0.4 0.634281 0.61112 0.634835
78249 1.20197 0.4 0.613926 0.594835 0.636274
78299 1.20177 0.4 0.637086 0.606199 0.624863
78349 1.18205 0.4 0.617621 0.616827 0.629884
78399 1.20214 0.4 0.620118 0.596855 0.627573
78449 1.19534 0.4 0.641122 0.608822 0.630594
78499 1.19662 0.4 0.630495 0.622361 0.639462
78549 1.20281 0.4 0.62373 0.600061 0.634697
78599 1.20696 0.4 0.616545 0.610664 0.637221
78649 1.19156 0.4 0.621379 0.607193 0.640798
78699 1.18389 0.4 0.61762 0.61306 0.63753
78749 1.20277 0.4 0.620904 0.618067 0.630323
78799 1.18879 0.4 0.629679 0.613537 0.635195
78849 1.21097 0.4 0.622225 0.623382 0.629894
78899 1.19457 0.4 0.626596 0.623998 0.635531
78949 1.19243 0.4 0.63172 0.614382 0.632693
78999 1.19405 0.4 0.621551 0.609588 0.642886
79049 1.18561 0.4 0.639961 0.601811 0.640573
79099 1.18995 0.4 0.644602 0.621647 0.63084
79149 1.18956 0.4 0.62802 0.608192 0.642918
79199 1.20258 0.4 0.633978 0.627155 0.627635
79249 1.19159 0.4 0.639158 0.616574 0.637209
79299 1.18389 0.4 0.609095 0.611289 0.633506
79349 1.18091 0.4 0.64192 0.616783 0.632877
79399 1.2037 0.4 0.627718 0.610204 0.643524
79449 1.19836 0.4 0.638419 0.610971 0.628752
79499 1.19703 0.4 0.62225 0.608292 0.637642
79549 1.19149 0.4 0.621891 0.617143 0.639818
79599 1.20187 0.4 0.63245 0.597234 0.635003
79649 1.19395 0.4 0.617499 0.612395 0.631339
79699 1.20615 0.4 0.624027 0.631375 0.639779
79749 1.19248 0.4 0.62336 0.610419 0.640731
79799 1.20352 0.4 0.632956 0.609895 0.630152
79849 1.19113 0.4 0.621859 0.617279 0.624247
79899 1.20842 0.4 0.626912 0.608822 0.628375
79949 1.2151 0.4 0.617535 0.621223 0.631512
79999 1.18918 0.4 0.627857 0.616259 0.632682
80049 1.19952 0.4 0.63592 0.60216 0.635942
80099 1.19658 0.4 0.637723 0.600673 0.62543
80149 1.19784 0.4 0.628928 0.615041 0.633282
80199 1.19271 0.4 0.622171 0.602048 0.63613
80249 1.18981 0.4 0.605719 0.619856 0.628853
80299 1.20532 0.4 0.641675 0.61843 0.632494
80349 1.20531 0.4 0.627992 0.608514 0.625799
80399 1.18294 0.4 0.631819 0.610758 0.645425
80449 1.18297 0.4 0.611746 0.609256 0.635732
80499 1.19092 0.4 0.628668 0.599932 0.633434
80549 1.20001 0.4 0.627415 0.613616 0.635268
80599 1.19908 0.4 0.639862 0.629095 0.642255
80649 1.2075 0.4 0.619404 0.617275 0.634047
80699 1.19741 0.4 0.627499 0.623655 0.629984
80749 1.1944 0.4 0.631641 0.6182 0.630304
80799 1.19257 0.4 0.628926 0.610808 0.627598
80849 1.18879 0.4 0.623567 0.605707 0.633308
80899 1.1912 0.4 0.623045 0.611367 0.635287
80949 1.19485 0.4 0.634741 0.625227 0.633745
80999 1.18684 0.4 0.626844 0.605781 0.633977
81049 1.19618 0.4 0.626078 0.613502 0.631205
81099 1.20065 0.4 0.63269 0.614283 0.637928
81149 1.18898 0.4 0.61198 0.626026 0.642508
81199 1.19715 0.4 0.6281 0.607329 0.638166
81249 1.18166 0.4 0.626301 0.608275 0.629771
81299 1.19 0.4 0.627495 0.62057 0.63403
81349 1.20316 0.4 0.623699 0.607892 0.623847
81399 1.18611 0.4 0.623725 0.60602 0.64229
81449 1.19718 0.4 0.622284 0.613673 0.636256
81499 1.19055 0.4 0.616303 0.602467 0.641826
81549 1.19912 0.4 0.634309 0.604756 0.636724
81599 1.20138 0.4 0.627981 0.617968 0.628198
81649 1.19192 0.4 0.618771 0.615656 0.635032
81699 1.20217 0.4 0.637799 0.610919 0.633442
81749 1.19881 0.4 0.637363 0.614498 0.630307
81799 1.20344 0.4 0.633403 0.613395 0.62896
81849 1.20111 0.4 0.626573 0.611483 0.640522
81899 1.18749 0.4 0.630994 0.617294 0.639392
81949 1.20508 0.4 0.630547 0.606363 0.642443
81999 1.18648 0.4 0.620408 0.603176 0.642306
82049 1.19259 0.4 0.629698 0.611794 0.637037
82099 1.19432 0.4 0.632524 0.62685 0.628183
82149 1.19762 0.4 0.628614 0.598319 0.634723
82199 1.20066 0.4 0.628045 0.614147 0.64076
82249 1.19942 0.4 0.625618 0.6187 0.643254
82299 1.19604 0.4 0.631616 0.615488 0.639439
82349 1.18999 0.4 0.62557 0.620267 0.635798
82399 1.18523 0.4 0.620913 0.609662 0.630086
82449 1.20136 0.4 0.625244 0.61133 0.63282
82499 1.19436 0.4 0.629317 0.594961 0.633831
82549 1.1911 0.4 0.635396 0.611892 0.630924
82599 1.1924 0.4 0.623293 0.606423 0.632346
82649 1.19806 0.4 0.633596 0.618516 0.625887
82699 1.20495 0.4 0.627272 0.618104 0.641315
82749 1.19433 0.4 0.634858 0.614208 0.643338
82799 1.18479 0.4 0.635496 0.621337 0.630909
82849 1.18896 0.4 0.642835 0.61727 0.63237
82899 1.20257 0.4 0.638723 0.610699 0.634333
82949 1.20605 0.4 0.626277 0.610723 0.625122
82999 1.19261 0.4 0.620891 0.607254 0.628301
83049 1.20139 0.4 0.630193 0.608411 0.637829
83099 1.19631 0.4 0.616033 0.603573 0.639207
83149 1.20227 0.4 0.619012 0.614328 0.628208
83199 1.20753 0.4 0.636597 0.606482 0.648381
83249 1.19135 0.4 0.640508 0.603968 0.628531
83299 1.20073 0.4 0.612907 0.62177 0.627856
83349 1.19147 0.4 0.620969 0.607026 0.629435
83399 1.18221 0.4 0.630636 0.611274 0.630359
83449 1.19296 0.4 0.617225 0.601726 0.639039
83499 1.1951 0.4 0.625006 0.608616 0.631311
83549 1.20899 0.4 0.621623 0.615239 0.632461
83599 1.19755 0.4 0.614938 0.595527 0.63747
83649 1.19621 0.4 0.628695 0.613498 0.639137
83699 1.20064 0.4 0.620065 0.606736 0.623866
83749 1.19156 0.4 0.638213 0.617829 0.630728
83799 1.19027 0.4 0.62304 0.603992 0.627831
83849 1.19705 0.4 0.61557 0.612173 0.629467
83899 1.19452 0.4 0.637358 0.622383 0.634837
83949 1.19808 0.4 0.641077 0.600055 0.626507
83999 1.1962 0.4 0.605648 0.614105 0.646226
84049 1.18871 0.4 0.622144 0.61587 0.634218
84099 1.19569 0.4 0.619787 0.606977 0.630479
84149 1.2019 0.4 0.615677 0.614561 0.635903
84199 1.17605 0.4 0.617841 0.621826 0.636799
84249 1.19335 0.4 0.631535 0.620197 0.634857
84299 1.18308 0.4 0.609694 0.612436 0.632055
84349 1.19192 0.4 0.620094 0.615676 0.64189
84399 1.19565 0.4 0.636909 0.608733 0.632003
84449 1.19159 0.4 0.626471 0.60996 0.638378
84499 1.1852 0.4 0.620414 0.614391 0.641497
84549 1.20649 0.4 0.643496 0.610373 0.628453
84599 1.19543 0.4 0.617797 0.611658 0.637088
84649 1.1962 0.4 0.627121 0.616407 0.646115
84699 1.2111 0.4 0.616128 0.607818 0.641597
84749 1.192 0.4 0.634044 0.611625 0.632216
84799 1.18291 0.4 0.634467 0.610474 0.639433
84849 1.18892 0.4 0.62499 0.604983 0.623315
84899 1.19086 0.4 0.629311 0.606442 0.634965
84949 1.19486 0.4 0.626094 0.617136 0.630205
84999 1.17905 0.4 0.624697 0.618716 0.636077
85049 1.1799 0.4 0.620828 0.621079 0.637397
85099 1.20403 0.4 0.632742 0.611341 0.6368
85149 1.19042 0.4 0.633115 0.60082 0.635565
85199 1.18632 0.4 0.632323 0.625499 0.633335
85249 1.18608 0.4 0.626109 0.609384 0.630366
85299 1.20565 0.4 0.630642 0.613436 0.636688
85349 1.20134 0.4 0.629304 0.605012 0.628835
85399 1.18652 0.4 0.618455 0.623383 0.637493
85449 1.18635 0.4 0.621249 0.613507 0.624326
85499 1.19367 0.4 0.625282 0.601034 0.62211
85549 1.1869 0.4 0.635285 0.615664 0.628013
85599 1.19862 0.4 0.627969 0.608056 0.634023
85649 1.18966 0.4 0.626781 0.605338 0.637148
85699 1.19978 0.4 0.626577 0.612502 0.632648
85749 1.17963 0.4 0.645143 0.610135 0.639034
85799 1.18845 0.4 0.619144 0.621608 0.641614
85849 1.1934 0.4 0.627022 0.608821 0.644512
85899 1.18465 0.4 0.619395 0.616584 0.639968
85949 1.17605 0.4 0.624145 0.615044 0.635258
85999 1.19275 0.4 0.619889 0.611241 0.634077
86049 1.18669 0.4 0.632164 0.611679 0.63439
86099 1.1958 0.4 0.627134 0.617986 0.634307
86149 1.19606 0.4 0.625504 0.608151 0.643085
86199 1.20269 0.4 0.622595 0.620864 0.629845
86249 1.20556 0.4 0.614927 0.616607 0.633726
86299 1.1878 0.4 0.652611 0.621327 0.639606
86349 1.19458 0.4 0.619962 0.620154 0.640032
86399 1.18354 0.4 0.630115 0.622653 0.639604
86449 1.18505 0.4 0.631398 0.604818 0.626398
86499 1.19654 0.4 0.621428 0.606012 0.639016
86549 1.20592 0.4 0.622179 0.594085 0.630833
86599 1.19535 0.4 0.637703 0.607396 0.628596
86649 1.19719 0.4 0.627668 0.61221 0.634617
86699 1.18258 0.4 0.631044 0.615375 0.638386
86749 1.19891 0.4 0.625538 0.598794 0.637633
86799 1.19033 0.4 0.645582 0.603119 0.632208
86849 1.1931 0.4 0.623988 0.61489 0.627132
86899 1.20691 0.4 0.633368 0.589139 0.636197
86949 1.19858 0.4 0.636299 0.618897 0.635038
86999 1.19539 0.4 0.640684 0.606033 0.62482
87049 1.19976 0.4 0.6242 0.606231 0.631144
87099 1.191 0.4 0.61624 0.606057 0.64069
87149 1.18755 0.4 0.616298 0.619997 0.637332
87199 1.184 0.4 0.637456 0.616478 0.63365
87249 1.19101 0.4 0.62378 0.610662 0.635532
87299 1.20249 0.4 0.633766 0.613531 0.631707
87349 1.19113 0.4 0.619273 0.629039 0.637131
87399 1.20162 0.4 0.62385 0.620686 0.639104
87449 1.18857 0.4 0.627921 0.60072 0.628411
87499 1.18682 0.4 0.61611 0.608516 0.627053
87549 1.19965 0.4 0.631189 0.602659 0.629162
87599 1.18767 0.4 0.636804 0.615944 0.638476
87649 1.19863 0.4 0.625966 0.622178 0.63689
87699 1.1884 0.4 0.627442 0.618455 0.637651
87749 1.19592 0.4 0.630988 0.608055 0.626351
87799 1.19448 0.4 0.630451 0.591393 0.636055
87849 1.19832 0.4 0.636906 0.602973 0.633989
87899 1.19516 0.4 0.637395 0.614404 0.632388
87949 1.19284 0.4 0.609665 0.606529 0.63952
87999 1.1912 0.4 0.613999 0.594341 0.625493
88049 1.18693 0.4 0.623077 0.599478 0.637464
88099 1.18607 0.4 0.63371 0.604743 0.645934
88149 1.19064 0.4 0.62719 0.61384 0.641073
88199 1.19814 0.4 0.631197 0.615924 0.642893
88249 1.18866 0.4 0.634951 0.613386 0.636725
88299 1.1884 0.4 0.621689 0.610856 0.643387
88349 1.18809 0.4 0.62171 0.623153 0.623227
88399 1.19335 0.4 0.624836 0.60793 0.631655
88449 1.20291 0.4 0.637757 0.603332 0.628925
88499 1.18199 0.4 0.634228 0.606676 0.633294
88549 1.1761 0.4 0.626308 0.607429 0.633941
88599 1.19277 0.4 0.620635 0.62336 0.641466
88649 1.20205 0.4 0.617375 0.60145 0.620116
88699 1.19163 0.4 0.61954 0.613445 0.639048
88749 1.18998 0.4 0.619297 0.593368 0.63172
88799 1.19114 0.4 0.638416 0.61555 0.630426
88849 1.20033 0.4 0.616506 0.607693 0.630327
88899 1.19091 0.4 0.622043 0.59005 0.638425
88949 1.19198 0.4 0.630616 0.602104 0.629757
88999 1.19195 0.4 0.628512 0.604764 0.636973
89049 1.19661 0.4 0.626035 0.608542 0.624705
89099 1.21152 0.4 0.631944 0.598055 0.638398
89149 1.18421 0.4 0.622333 0.616082 0.639835
89199 1.19091 0.4 0.637501 0.613078 0.629729
89249 1.19381 0.4 0.634894 0.601314 0.626278
89299 1.19598 0.4 0.630376 0.611536 0.639565
89349 1.17763 0.4 0.64084 0.604687 0.627187
89399 1.19644 0.4 0.622742 0.616316 0.625542
89449 1.17266 0.4 0.629519 0.598667 0.636249
89499 1.17678 0.4 0.627782 0.605573 0.62867
89549 1.19706 0.4 0.625596 0.593388 0.621813
89599 1.17832 0.4 0.623161 0.629008 0.632813
89649 1.19729 0.4 0.630164 0.61825 0.631683
89699 1.18609 0.4 0.616395 0.602662 0.636841
89749 1.20086 0.4 0.612556 0.606554 0.642534
89799 1.19324 0.4 0.619434 0.606512 0.642046
89849 1.19408 0.4 0.611828 0.599274 0.637447
89899 1.18851 0.4 0.64249 0.617105 0.62988
89949 1.18315 0.4 0.626706 0.618977 0.633421
89999 1.19534 0.4 0.637115 0.611755 0.632144
90049 1.17828 0.4 0.632465 0.612753 0.620836
90099 1.20236 0.4 0.612175 0.599611 0.637959
90149 1.19035 0.4 0.623483 0.609369 0.631784
90199 1.19085 0.4 0.621296 0.613872 0.637428
90249 1.1835 0.4 0.637262 0.621098 0.63655
90299 1.19056 0.4 0.608107 0.611427 0.640448
90349 1.19005 0.4 0.62511 0.614213 0.641557
90399 1.19129 0.4 0.619427 0.614297 0.634077
90449 1.18636 0.4 0.617451 0.612267 0.63063
90499 1.18216 0.4 0.630844 0.600768 0.636425
90549 1.19351 0.4 0.626172 0.60986 0.651262
90599 1.17587 0.4 0.625615 0.610944 0.641274
90649 1.18252 0.4 0.616216 0.598364 0.633525
90699 1.18646 0.4 0.627343 0.609224 0.625605
90749 1.18423 0.4 0.6246 0.597315 0.639097
90799 1.19909 0.4 0.614572 0.616683 0.628865
90849 1.17958 0.4 0.625702 0.608292 0.626437
90899 1.19423 0.4 0.611789 0.60548 0.637642
90949 1.18629 0.4 0.623124 0.614722 0.637046
90999 1.19127 0.4 0.629359 0.604414 0.635158
91049 1.17529 0.4 0.621968 0.60492 0.639554
91099 1.19302 0.4 0.632596 0.601288 0.633699
91149 1.19679 0.4 0.606645 0.610706 0.634672
91199 1.17581 0.4 0.621632 0.601443 0.636653
91249 1.18604 0.4 0.621401 0.606801 0.622378
91299 1.18601 0.4 0.630974 0.617906 0.624575
91349 1.19777 0.4 0.620255 0.621143 0.622951
91399 1.18429 0.4 0.612688 0.604624 0.637978
91449 1.18346 0.4 0.629282 0.607672 0.636111
91499 1.1865 0.4 0.62094 0.605972 0.637762
91549 1.19239 0.4 0.620091 0.606125 0.623261
91599 1.18653 0.4 0.623592 0.602374 0.629492
91649 1.18579 0.4 0.622945 0.605418 0.636017
91699 1.18922 0.4 0.625892 0.605332 0.632934
91749 1.18742 0.4 0.621103 0.622592 0.629726
91799 1.17757 0.4 0.614052 0.614526 0.633847
91849 1.18536 0.4 0.618127 0.607179 0.642669
91899 1.19849 0.4 0.612127 0.595668 0.63574
91949 1.1828 0.4 0.636128 0.612319 0.626945
91999 1.17998 0.4 0.614675 0.607318 0.638049
92049 1.18968 0.4 0.626626 0.616165 0.632043
92099 1.19754 0.4 0.62137 0.595006 0.629295
92149 1.18749 0.4 0.613615 0.619251 0.631734
92199 1.18256 0.4 0.624131 0.602491 0.631931
92249 1.18673 0.4 0.640535 0.613237 0.631056
92299 1.17979 0.4 0.624847 0.609224 0.648057
92349 1.18569 0.4 0.623119 0.623584 0.633751
92399 1.19778 0.4 0.620408 0.605645 0.629485
92449 1.18477 0.4 0.61335 0.603129 0.633022
92499 1.19816 0.4 0.613547 0.601719 0.6363
92549 1.1872 0.4 0.635979 0.599415 0.639816
92599 1.19192 0.4 0.622734 0.609789 0.629092
92649 1.18723 0.4 0.625786 0.597779 0.639185
92699 1.19136 0.4 0.617614 0.601976 0.632342
92749 1.19967 0.4 0.612621 0.595964 0.633005
92799 1.18623 0.4 0.6289 0.615132 0.624768
92849 1.18472 0.4 0.63147 0.621841 0.628769
92899 1.18342 0.4 0.621003 0.614085 0.636623
92949 1.17884 0.4 0.614335 0.606437 0.63761
92999 1.18022 0.4 0.620077 0.631772 0.637641
93049 1.18846 0.4 0.618859 0.604907 0.638571
93099 1.18038 0.4 0.620139 0.609496 0.63016
93149 1.18968 0.4 0.631869 0.602204 0.627407
93199 1.19951 0.4 0.623882 0.608644 0.631628
93249 1.18814 0.4 0.633409 0.609072 0.63688
93299 1.1948 0.4 0.616602 0.60916 0.633187
93349 1.18571 0.4 0.616091 0.605689 0.637101
93399 1.18885 0.4 0.62234 0.617125 0.63089
93449 1.19807 0.4 0.623488 0.607721 0.636534
93499 1.19503 0.4 0.619102 0.615878 0.636011
93549 1.18196 0.4 0.618575 0.60246 0.626744
93599 1.18781 0.4 0.629366 0.605145 0.64085
93649 1.18986 0.4 0.621169 0.618519 0.635832
93699 1.19397 0.4 0.637734 0.609856 0.633848
93749 1.17375 0.4 0.631982 0.604025 0.630265
93799 1.18621 0.4 0.621685 0.618556 0.62828
93849 1.17943 0.4 0.621538 0.610079 0.645089
93899 1.1844 0.4 0.629372 0.59359 0.643054
93949 1.19125 0.4 0.629596 0.609611 0.636562
93999 1.18402 0.4 0.628371 0.61116 0.631565
94049 1.19344 0.4 0.630832 0.603622 0.626142
94099 1.19007 0.4 0.625772 0.607566 0.626715
94149 1.18274 0.4 0.627043 0.60088 0.626124
94199 1.17566 0.4 0.611243 0.60321 0.632908
94249 1.18281 0.4 0.631277 0.613413 0.633344
94299 1.1909 0.4 0.624214 0.601521 0.64263
94349 1.18918 0.4 0.619152 0.605605 0.631716
94399 1.20041 0.4 0.610299 0.593996 0.640187
94449 1.19553 0.4 0.622725 0.603132 0.630504
94499 1.19307 0.4 0.618904 0.614894 0.62747
94549 1.18368 0.4 0.620873 0.607093 0.624119
94599 1.18145 0.4 0.616205 0.601573 0.627072
94649 1.1865 0.4 0.623836 0.619834 0.638172
94699 1.19119 0.4 0.630566 0.616848 0.631964
94749 1.18744 0.4 0.622447 0.604925 0.629936
94799 1.18138 0.4 0.620143 0.604363 0.633654
94849 1.1937 0.4 0.616572 0.623994 0.634954
94899 1.18633 0.4 0.630481 0.616979 0.623092
94949 1.19343 0.4 0.63177 0.61122 0.625606
94999 1.19207 0.4 0.613063 0.60944 0.62578
95049 1.1739 0.4 0.619764 0.609298 0.632885
95099 1.18472 0.4 0.613773 0.618769 0.634315
95149 1.19053 0.4 0.614556 0.596781 0.641127
95199 1.19037 0.4 0.629676 0.611337 0.633753
95249 1.18559 0.4 0.626845 0.600341 0.640026
95299 1.18704 0.4 0.622422 0.614758 0.628679
95349 1.18138 0.4 0.635014 0.615934 0.627614
95399 1.19143 0.4 0.621071 0.613766 0.632608
95449 1.1863 0.4 0.624233 0.62046 0.634835
95499 1.19292 0.4 0.625606 0.614446 0.637195
95549 1.18166 0.4 0.636645 0.615981 0.646111
95599 1.1715 0.4 0.622383 0.621809 0.629631
95649 1.18061 0.4 0.61737 0.606795 0.633735
95699 1.19443 0.4 0.618842 0.596671 0.6275
95749 1.19846 0.4 0.622837 0.611569 0.640143
95799 1.18318 0.4 0.611389 0.618819 0.636663
95849 1.17761 0.4 0.613441 0.592477 0.6297
95899 1.18978 0.4 0.616974 0.601131 0.637193
95949 1.18918 0.4 0.620376 0.613323 0.633096
95999 1.17781 0.4 0.6231 0.598022 0.646156
96049 1.18946 0.4 0.616193 0.598872 0.632423
96099 1.18725 0.4 0.616547 0.61397 0.632756
96149 1.19519 0.4 0.629442 0.618947 0.621993
96199 1.17975 0.4 0.609831 0.617705 0.626771
96249 1.17865 0.4 0.637637 0.606817 0.63431
96299 1.17116 0.4 0.63133 0.61816 0.631625
96349 1.1931 0.4 0.629521 0.617207 0.627434
96399 1.1858 0.4 0.606682 0.614691 0.635025
96449 1.19383 0.4 0.600291 0.615996 0.621942
96499 1.18506 0.4 0.61489 0.600812 0.637276
96549 1.17989 0.4 0.638941 0.61138 0.635316
96599 1.18228 0.4 0.616808 0.61816 0.627075
96649 1.20307 0.4 0.628705 0.610264 0.626813
96699 1.1902 0.4 0.614402 0.597125 0.6354
96749 1.17845 0.4 0.621598 0.603086 0.638719
96799 1.18119 0.4 0.624107 0.612243 0.630252
96849 1.18589 0.4 0.629605 0.602129 0.640741
96899 1.19159 0.4 0.624936 0.611171 0.635475
96949 1.17546 0.4 0.62204 0.609873 0.637305
96999 1.18714 0.4 0.621909 0.602476 0.636098
97049 1.17346 0.4 0.63257 0.604868 0.636209
97099 1.18587 0.4 0.611695 0.612176 0.630277
97149 1.18268 0.4 0.627858 0.616156 0.63285
97199 1.17133 0.4 0.6239 0.600396 0.629482
97249 1.18872 0.4 0.617418 0.615018 0.625375
97299 1.17934 0.4 0.621137 0.611322 0.632491
97349 1.18684 0.4 0.62376 0.59945 0.623891
97399 1.18998 0.4 0.640092 0.604997 0.626832
97449 1.19572 0.4 0.617504 0.611522 0.632537
97499 1.19086 0.4 0.622172 0.621929 0.628337
97549 1.1742 0.4 0.621682 0.617193 0.626229
97599 1.18358 0.4 0.6109 0.613562 0.639011
97649 1.19462 0.4 0.623522 0.59492 0.629662
97699 1.16883 0.4 0.616954 0.606679 0.632059
97749 1.18314 0.4 0.623671 0.603324 0.631798
97799 1.19074 0.4 0.618422 0.607042 0.630204
97849 1.17584 0.4 0.631646 0.606685 0.623142
97899 1.18151 0.4 0.621139 0.613677 0.622932
97949 1.18917 0.4 0.620006 0.597999 0.633111
97999 1.18729 0.4 0.608328 0.603865 0.63229
98049 1.1846 0.4 0.628939 0.600891 0.639336
98099 1.19119 0.4 0.612828 0.614827 0.633066
98149 1.20179 0.4 0.621798 0.598005 0.635451
98199 1.19731 0.4 0.621879 0.600921 0.626932
98249 1.184 0.4 0.631822 0.596678 0.648418
98299 1.18075 0.4 0.620512 0.610728 0.631886
98349 1.18824 0.4 0.634319 0.602373 0.632122
98399 1.18866 0.4 0.630209 0.618519 0.625768
98449 1.18741 0.4 0.637438 0.600987 0.639956
98499 1.17577 0.4 0.627724 0.615516 0.627255
98549 1.17151 0.4 0.619474 0.611052 0.618348
98599 1.18505 0.4 0.620569 0.603205 0.629439
98649 1.19166 0.4 0.618115 0.612453 0.629337
98699 1.17578 0.4 0.630899 0.607982 0.628025
98749 1.17606 0.4 0.626523 0.602943 0.626619
98799 1.1969 0.4 0.629014 0.598965 0.632017
98849 1.18521 0.4 0.630088 0.617305 0.622639
98899 1.17746 0.4 0.613891 0.612134 0.627727
98949 1.18287 0.4 0.621852 0.584319 0.63093
98999 1.18679 0.4 0.60478 0.608323 0.628216
99049 1.19307 0.4 0.613388 0.620152 0.637979
99099 1.19271 0.4 0.625955 0.593064 0.627327
99149 1.18902 0.4 0.628073 0.597686 0.638101
99199 1.18348 0.4 0.632251 0.604428 0.635985
99249 1.18507 0.4 0.613913 0.595942 0.635982
99299 1.19379 0.4 0.624524 0.603304 0.634658
99349 1.17943 0.4 0.619869 0.599415 0.627378
99399 1.19357 0.4 0.613322 0.614517 0.632455
99449 1.18826 0.4 0.620618 0.602656 0.636542
99499 1.16753 0.4 0.609902 0.588512 0.626469
99549 1.18271 0.4 0.616435 0.599742 0.640652
99599 1.17949 0.4 0.626052 0.610695 0.624762
99649 1.18806 0.4 0.618145 0.606072 0.641225
99699 1.18213 0.4 0.61897 0.611448 0.631112
99749 1.18165 0.4 0.637573 0.607376 0.635308
99799 1.17757 0.4 0.635373 0.609315 0.639342
99849 1.18975 0.4 0.622426 0.608115 0.634233
99899 1.17842 0.4 0.614687 0.60179 0.631191
99949 1.17973 0.4 0.618259 0.602213 0.624995
99999 1.1702 0.4 0.61879 0.611783 0.635756
