49 1.3839 1
99 1.37115 1
149 1.32749 1
199 1.25234 1
249 1.18144 1
299 1.12789 1
349 1.10273 1
399 1.09353 1
449 1.07963 1
499 1.07576 1
549 1.06877 1
599 1.06089 1
649 1.06128 1
699 1.05546 1
749 1.05384 1
799 1.05093 1
849 1.04746 1
899 1.04322 1
949 1.03992 1
999 1.04062 1
1049 1.03704 1
1099 1.0412 1
1149 1.03444 1
1199 1.03445 1
1249 1.03413 1
1299 1.02969 1
1349 1.03055 1
1399 1.02721 1
1449 1.02671 1
1499 1.02338 1
1549 1.02432 1
1599 1.02121 1
1649 1.02099 1
1699 1.02212 1
1749 1.01841 1
1799 1.01609 1
1849 1.01522 1
1899 1.01725 1
1949 1.01855 1
1999 1.01219 1
2049 1.0156 1
2099 1.00959 1
2149 1.01218 1
2199 1.01064 1
2249 1.01683 1
2299 1.00848 1
2349 1.00773 1
2399 1.00816 1
2449 1.00652 1
2499 1.00536 1
2549 1.00089 1
2599 1.00551 1
2649 1.00167 1
2699 1.00548 1
2749 1.00621 1
2799 1 1
2849 1.0016 1
2899 1.00022 1
2949 0.998052 1
2999 0.994574 1
3049 0.997884 1
3099 0.997275 1
3149 0.997931 1
3199 0.995627 1
3249 0.991017 1
3299 0.997501 1
3349 0.994131 1
3399 0.989785 1
3449 0.993383 1
3499 0.99391 1
3549 0.992425 1
3599 0.991923 1
3649 0.992225 1
3699 0.988492 1
3749 0.988877 1
3799 0.986882 1
3849 0.986416 1
3899 0.989798 1
3949 0.985551 1
3999 0.985261 1
4049 0.986187 1
4099 0.986122 1
4149 0.985523 1
4199 0.984973 1
4249 0.98409 1
4299 0.983743 1
4349 0.98423 1
4399 0.979905 1
4449 0.98544 1
4499 0.978662 1
4549 0.983025 1
4599 0.981525 1
4649 0.981983 1
4699 0.979515 1
4749 0.98117 1
4799 0.979716 1
4849 0.979682 1
4899 0.977688 1
4949 0.976804 1
4999 0.979742 1
5049 0.981518 1
5099 0.977095 1
5149 0.980198 1
5199 0.974677 1
5249 0.974789 1
5299 0.977146 1
5349 0.980419 1
5399 0.975568 1
5449 0.976776 1
5499 0.976174 1
5549 0.976478 1
5599 0.972249 1
5649 0.974082 1
5699 0.972242 1
5749 0.977463 1
5799 0.974125 1
5849 0.969568 1
5899 0.971004 1
5949 0.973429 1
5999 0.971178 1
6049 0.970317 1
6099 0.97323 1
6149 0.971642 1
6199 0.974202 1
6249 0.972935 1
6299 0.971119 1
6349 0.967897 1
6399 0.970734 1
6449 0.965583 1
6499 0.967603 1
6549 0.969224 1
6599 0.967078 1
6649 0.971716 1
6699 0.96917 1
6749 0.965621 1
6799 0.967805 1
6849 0.969009 1
6899 0.967738 1
6949 0.966537 1
6999 0.96133 1
7049 0.965646 1
7099 0.966332 1
7149 0.963292 1
7199 0.965738 1
7249 0.962258 1
7299 0.961689 1
7349 0.962372 1
7399 0.963819 1
7449 0.964397 1
7499 0.960919 1
7549 0.96259 1
7599 0.960767 1
7649 0.959559 1
7699 0.960629 1
7749 0.957153 1
7799 0.958702 1
7849 0.961062 1
7899 0.960317 1
7949 0.957488 1
7999 0.957949 1
8049 0.959549 1
8099 0.959449 1
8149 0.957533 1
8199 0.959267 1
8249 0.957874 1
8299 0.958325 1
8349 0.957556 1
8399 0.95534 1
8449 0.959662 1
8499 0.956591 1
8549 0.958504 1
8599 0.956077 1
8649 0.954726 1
8699 0.956609 1
8749 0.955963 1
8799 0.954569 1
8849 0.956197 1
8899 0.954386 1
8949 0.954195 1
8999 0.953447 1
9049 0.955131 1
9099 0.950872 1
9149 0.95496 1
9199 0.952245 1
9249 0.950302 1
9299 0.946805 1
9349 0.948486 1
9399 0.948955 1
9449 0.951452 1
9499 0.949795 1
9549 0.952482 1
9599 0.949726 1
9649 0.947739 1
9699 0.951434 1
9749 0.944911 1
9799 0.946963 1
9849 0.946519 1
9899 0.946677 1
9949 0.950191 1
9999 0.944983 1
10049 0.948179 1
10099 0.9468 1
10149 0.948416 1
10199 0.946125 1
10249 0.946908 1
10299 0.947246 1
10349 0.942658 1
10399 0.948388 1
10449 0.944587 1
10499 0.94426 1
10549 0.943555 1
10599 0.940068 1
10649 0.944344 1
10699 0.9432 1
10749 0.944375 1
10799 0.945017 1
10849 0.938879 1
10899 0.938815 1
10949 0.941693 1
10999 0.937067 1
11049 0.94255 1
11099 0.940763 1
11149 0.941642 1
11199 0.939156 1
11249 0.938791 1
11299 0.94001 1
11349 0.936309 1
11399 0.937116 1
11449 0.939334 1
11499 0.943885 1
11549 0.935806 1
11599 0.936124 1
11649 0.933883 1
11699 0.934754 1
11749 0.938023 1
11799 0.933757 1
11849 0.936756 1
11899 0.935976 1
11949 0.93861 1
11999 0.937896 1
12049 0.934557 1
12099 0.936409 1
12149 0.932024 1
12199 0.932974 1
12249 0.932571 1
12299 0.934805 1
12349 0.935743 1
12399 0.931664 1
12449 0.92677 1
12499 0.93523 1
12549 0.93266 1
12599 0.932 1
12649 0.93256 1
12699 0.933289 1
12749 0.930171 1
12799 0.936711 1
12849 0.927588 1
12899 0.929193 1
12949 0.928896 1
12999 0.925712 1
13049 0.927039 1
13099 0.92926 1
13149 0.929728 1
13199 0.927372 1
13249 0.931392 1
13299 0.926455 1
13349 0.927125 1
13399 0.928222 1
13449 0.930169 1
13499 0.926454 1
13549 0.928519 1
13599 0.92977 1
13649 0.931933 1
13699 0.927841 1
13749 0.926375 1
13799 0.9254 1
13849 0.925102 1
13899 0.926547 1
13949 0.923533 1
13999 0.922192 1
14049 0.925991 1
14099 0.924765 1
14149 0.922138 1
14199 0.921908 1
14249 0.922425 1
14299 0.922526 1
14349 0.920232 1
14399 0.92038 1
14449 0.920114 1
14499 0.924243 1
14549 0.920646 1
14599 0.92343 1
14649 0.918484 1
14699 0.919826 1
14749 0.919926 1
14799 0.917163 1
14849 0.920833 1
14899 0.915092 1
14949 0.917189 1
14999 0.919788 1
15049 0.918599 1
15099 0.920554 1
15149 0.918713 1
15199 0.91351 1
15249 0.917478 1
15299 0.911372 1
15349 0.913802 1
15399 0.917569 1
15449 0.916556 1
15499 0.916137 1
15549 0.919595 1
15599 0.915683 1
15649 0.917645 1
15699 0.91576 1
15749 0.920543 1
15799 0.914618 1
15849 0.914519 1
15899 0.914762 1
15949 0.914094 1
15999 0.913391 1
16049 0.916583 1
16099 0.916755 1
16149 0.912319 1
16199 0.912182 1
16249 0.912804 1
16299 0.915277 1
16349 0.911678 1
16399 0.911356 1
16449 0.912729 1
16499 0.909338 1
16549 0.911659 1
16599 0.912414 1
16649 0.911314 1
16699 0.908372 1
16749 0.910659 1
16799 0.909808 1
16849 0.908297 1
16899 0.907519 1
16949 0.912955 1
16999 0.9131 1
17049 0.907061 1
17099 0.909208 1
17149 0.905877 1
17199 0.90701 1
17249 0.910415 1
17299 0.909744 1
17349 0.908461 1
17399 0.909115 1
17449 0.906127 1
17499 0.908654 1
17549 0.907697 1
17599 0.905603 1
17649 0.906425 1
17699 0.910185 1
17749 0.902957 1
17799 0.904571 1
17849 0.905849 1
17899 0.907657 1
17949 0.905572 1
17999 0.905368 1
18049 0.908224 1
18099 0.904883 1
18149 0.906795 1
18199 0.907109 1
18249 0.908615 1
18299 0.907079 1
18349 0.907414 1
18399 0.903415 1
18449 0.903294 1
18499 0.907693 1
18549 0.902596 1
18599 0.903057 1
18649 0.907125 1
18699 0.899366 1
18749 0.901057 1
18799 0.903703 1
18849 0.904742 1
18899 0.905763 1
18949 0.902289 1
18999 0.898941 1
19049 0.903717 1
19099 0.903606 1
19149 0.903064 1
19199 0.899315 1
19249 0.899066 1
19299 0.897571 1
19349 0.90118 1
19399 0.897376 1
19449 0.901933 1
19499 0.902513 1
19549 0.900079 1
19599 0.89726 1
19649 0.896454 1
19699 0.900057 1
19749 0.899807 1
19799 0.902539 1
19849 0.900244 1
19899 0.897828 1
19949 0.899879 1
19999 0.89924 1
20049 0.895153 1
20099 0.894679 1
20149 0.893025 1
20199 0.897927 1
20249 0.893434 1
20299 0.896323 1
20349 0.898108 1
20399 0.89627 1
20449 0.899239 1
20499 0.894027 1
20549 0.90185 1
20599 0.892848 1
20649 0.896078 1
20699 0.894352 1
20749 0.896632 1
20799 0.899903 1
20849 0.898365 1
20899 0.893044 1
20949 0.895872 1
20999 0.89256 1
21049 0.89404 1
21099 0.892986 1
21149 0.89551 1
21199 0.892089 1
21249 0.894832 1
21299 0.898652 1
21349 0.897326 1
21399 0.894703 1
21449 0.89555 1
21499 0.892947 1
21549 0.887828 1
21599 0.891309 1
21649 0.890689 1
21699 0.894454 1
21749 0.895585 1
21799 0.890004 1
21849 0.893366 1
21899 0.89319 1
21949 0.893268 1
21999 0.889138 1
22049 0.893844 1
22099 0.889892 1
22149 0.890559 1
22199 0.88992 1
22249 0.891948 1
22299 0.888797 1
22349 0.894398 1
22399 0.891239 1
22449 0.88933 1
22499 0.88856 1
22549 0.888545 1
22599 0.885743 1
22649 0.891771 1
22699 0.889974 1
22749 0.891103 1
22799 0.890128 1
22849 0.887571 1
22899 0.890759 1
22949 0.88877 1
22999 0.893165 1
23049 0.889091 1
23099 0.887159 1
23149 0.889723 1
23199 0.890797 1
23249 0.889868 1
23299 0.89235 1
23349 0.88949 1
23399 0.885947 1
23449 0.888823 1
23499 0.889505 1
23549 0.886923 1
23599 0.888205 1
23649 0.886086 1
23699 0.888442 1
23749 0.887119 1
23799 0.886804 1
23849 0.890143 1
23899 0.887202 1
23949 0.885968 1
23999 0.88536 1
24049 0.887108 1
24099 0.88824 1
24149 0.886692 1
24199 0.889212 1
24249 0.883576 1
24299 0.887668 1
24349 0.885809 1
24399 0.885323 1
24449 0.885058 1
24499 0.885458 1
24549 0.885508 1
24599 0.884947 1
24649 0.885955 1
24699 0.883605 1
24749 0.885408 1
24799 0.884836 1
24849 0.887555 1
24899 0.887181 1
24949 0.883476 1
24999 0.884772 1
25049 0.882735 1
25099 0.884755 1
25149 0.884378 1
25199 0.884345 1
25249 0.885039 1
25299 0.884596 1
25349 0.885398 1
25399 0.882912 1
25449 0.881625 1
25499 0.881081 1
25549 0.885556 1
25599 0.883133 1
25649 0.884563 1
25699 0.880969 1
25749 0.878611 1
25799 0.883674 1
25849 0.883181 1
25899 0.878883 1
25949 0.886832 1
25999 0.881745 1
26049 0.882799 1
26099 0.877581 1
26149 0.881046 1
26199 0.879403 1
26249 0.879996 1
26299 0.882352 1
26349 0.879746 1
26399 0.884169 1
26449 0.880278 1
26499 0.881578 1
26549 0.883109 1
26599 0.879032 1
26649 0.881549 1
26699 0.884896 1
26749 0.876863 1
26799 0.878774 1
26849 0.879655 1
26899 0.880638 1
26949 0.880729 1
26999 0.882887 1
27049 0.880235 1
27099 0.88071 1
27149 0.881169 1
27199 0.879719 1
27249 0.876991 1
27299 0.873313 1
27349 0.87788 1
27399 0.879124 1
27449 0.871632 1
27499 0.881169 1
27549 0.881127 1
27599 0.879018 1
27649 0.874938 1
27699 0.881453 1
27749 0.876022 1
27799 0.8771 1
27849 0.875733 1
27899 0.879375 1
27949 0.876892 1
27999 0.875568 1
28049 0.878598 1
28099 0.875674 1
28149 0.8754 1
28199 0.87596 1
28249 0.87754 1
28299 0.878357 1
28349 0.879414 1
28399 0.880165 1
28449 0.875096 1
28499 0.876795 1
28549 0.873307 1
28599 0.877396 1
28649 0.878189 1
28699 0.875114 1
28749 0.876011 1
28799 0.875985 1
28849 0.876252 1
28899 0.878018 1
28949 0.874965 1
28999 0.87658 1
29049 0.877135 1
29099 0.877994 1
29149 0.874369 1
29199 0.874564 1
29249 0.873754 1
29299 0.876782 1
29349 0.87422 1
29399 0.875253 1
29449 0.875482 1
29499 0.876381 1
29549 0.875265 1
29599 0.877023 1
29649 0.872355 1
29699 0.873839 1
29749 0.878291 1
29799 0.871382 1
29849 0.871902 1
29899 0.874739 1
29949 0.871633 1
29999 0.874522 1
30049 0.873053 1
30099 0.87618 1
30149 0.872214 1
30199 0.875308 1
30249 0.874404 1
30299 0.871119 1
30349 0.872256 1
30399 0.874698 1
30449 0.872152 1
30499 0.870905 1
30549 0.874085 1
30599 0.87451 1
30649 0.873335 1
30699 0.871749 1
30749 0.873729 1
30799 0.872525 1
30849 0.872797 1
30899 0.875012 1
30949 0.869161 1
30999 0.873586 1
31049 0.871958 1
31099 0.87688 1
31149 0.872671 1
31199 0.870601 1
31249 0.872885 1
31299 0.870786 1
31349 0.87268 1
31399 0.868905 1
31449 0.871062 1
31499 0.868886 1
31549 0.87297 1
31599 0.871623 1
31649 0.868449 1
31699 0.868738 1
31749 0.870748 1
31799 0.872779 1
31849 0.872727 1
31899 0.869257 1
31949 0.871401 1
31999 0.869272 1
32049 0.870439 1
32099 0.868541 1
32149 0.869662 1
32199 0.869538 1
32249 0.872604 1
32299 0.86835 1
32349 0.871186 1
32399 0.869487 1
32449 0.870926 1
32499 0.871736 1
32549 0.866917 1
32599 0.866292 1
32649 0.868342 1
32699 0.868865 1
32749 0.868374 1
32799 0.867407 1
32849 0.865103 1
32899 0.865761 1
32949 0.874085 1
32999 0.869314 1
33049 0.868528 1
33099 0.869432 1
33149 0.874428 1
33199 0.871849 1
33249 0.865442 1
33299 0.868725 1
33349 0.866586 1
33399 0.869482 1
33449 0.869704 1
33499 0.869987 1
33549 0.870808 1
33599 0.870835 1
33649 0.867939 1
33699 0.869175 1
33749 0.86882 1
33799 0.863673 1
33849 0.865543 1
33899 0.866471 1
33949 0.864168 1
33999 0.867449 1
34049 0.864806 1
34099 0.866993 1
34149 0.867458 1
34199 0.86485 1
34249 0.865732 1
34299 0.867716 1
34349 0.864426 1
34399 0.869516 1
34449 0.863482 1
34499 0.867512 1
34549 0.866791 1
34599 0.857853 1
34649 0.867068 1
34699 0.865068 1
34749 0.866026 1
34799 0.866727 1
34849 0.864661 1
34899 0.866699 1
34949 0.862497 1
34999 0.866746 1
35049 0.868353 1
35099 0.865542 1
35149 0.861971 1
35199 0.86383 1
35249 0.867129 1
35299 0.861433 1
35349 0.862805 1
35399 0.8622 1
35449 0.86619 1
35499 0.864325 1
35549 0.865271 1
35599 0.866348 1
35649 0.865897 1
35699 0.862615 1
35749 0.865774 1
35799 0.866584 1
35849 0.868698 1
35899 0.860675 1
35949 0.863345 1
35999 0.861409 1
36049 0.866005 1
36099 0.863556 1
36149 0.860991 1
36199 0.861972 1
36249 0.864112 1
36299 0.861558 1
36349 0.862548 1
36399 0.861796 1
36449 0.863997 1
36499 0.863555 1
36549 0.862874 1
36599 0.863952 1
36649 0.861342 1
36699 0.859259 1
36749 0.863295 1
36799 0.860651 1
36849 0.862082 1
36899 0.863151 1
36949 0.861476 1
36999 0.863466 1
37049 0.860612 1
37099 0.862787 1
37149 0.863883 1
37199 0.859229 1
37249 0.860857 1
37299 0.866307 1
37349 0.865223 1
37399 0.855676 1
37449 0.859343 1
37499 0.862672 1
37549 0.860732 1
37599 0.86042 1
37649 0.859929 1
37699 0.865124 1
37749 0.8654 1
37799 0.861459 1
37849 0.863518 1
37899 0.862277 1
37949 0.85635 1
37999 0.860285 1
38049 0.862695 1
38099 0.865193 1
38149 0.8625 1
38199 0.853345 1
38249 0.860924 1
38299 0.858771 1
38349 0.859797 1
38399 0.862212 1
38449 0.859542 1
38499 0.862665 1
38549 0.856858 1
38599 0.862348 1
38649 0.860692 1
38699 0.85947 1
38749 0.861378 1
38799 0.855007 1
38849 0.863591 1
38899 0.858691 1
38949 0.859028 1
38999 0.861767 1
39049 0.864772 1
39099 0.862588 1
39149 0.856146 1
39199 0.860223 1
39249 0.859361 1
39299 0.856066 1
39349 0.856606 1
39399 0.859492 1
39449 0.860591 1
39499 0.858739 1
39549 0.858714 1
39599 0.856319 1
39649 0.858463 1
39699 0.857813 1
39749 0.856659 1
39799 0.86029 1
39849 0.859122 1
39899 0.856977 1
39949 0.861849 1
39999 0.85778 1
