F;SVC(linear,C=1);;SVC(rbf,C=1);;RF;;XGB;;KNN(N=5);;$CG_{32,16}^{100}$;;$CG_{128,16}^{100}$;
4;0.931;0.0037;0.912;0.00825;0.934;0.00411;0.926;0.0037;0.903;0.00508;0.905;0.0058;0.863;0.00704
8;0.93;0.0036;0.918;0.00654;0.936;0.00372;0.926;0.00419;0.914;0.00388;0.921;0.00489;0.883;0.0053
12;0.922;0.00471;0.897;0.00777;0.93;0.00354;0.925;0.00308;0.911;0.00428;0.924;0.00342;0.89;0.00393
16;0.911;0.00314;0.866;0.00679;0.919;0.0032;0.917;0.00388;0.903;0.003;0.923;0.00329;0.887;0.00485
20;0.897;0.00588;0.837;0.0118;0.906;0.00359;0.906;0.00413;0.895;0.00427;0.909;0.00358;0.872;0.00489
24;0.896;0.00526;0.83;0.0118;0.899;0.00379;0.9;0.00428;0.893;0.00436;0.905;0.003;0.872;0.00446
28;0.877;0.00637;0.795;0.0144;0.888;0.00352;0.894;0.00328;0.89;0.00375;0.904;0.00258;0.87;0.00347
32;0.876;0.0066;0.764;0.0144;0.881;0.0041;0.886;0.00403;0.883;0.00413;0.893;0.00379;0.858;0.00316
36;0.859;0.00632;0.714;0.0173;0.866;0.00415;0.872;0.00333;0.873;0.00342;0.886;0.00305;0.848;0.00383
40;0.857;0.00445;0.682;0.0122;0.858;0.00274;0.867;0.00238;0.875;0.00326;0.885;0.00318;0.847;0.00309
44;0.856;0.00834;0.696;0.0138;0.855;0.00545;0.863;0.00582;0.873;0.00527;0.877;0.00502;0.845;0.0051
48;0.844;0.00696;0.637;0.0182;0.846;0.00481;0.856;0.00461;0.865;0.00431;0.865;0.00414;0.834;0.00385
52;0.833;0.00643;0.601;0.014;0.839;0.00274;0.847;0.00247;0.864;0.00248;0.867;0.00263;0.825;0.00324
56;0.835;0.00668;0.576;0.0184;0.831;0.00386;0.844;0.00417;0.86;0.00323;0.857;0.00341;0.822;0.00458
60;0.812;0.00566;0.543;0.0185;0.816;0.00359;0.828;0.00419;0.847;0.00369;0.846;0.0036;0.811;0.00454
64;0.806;0.00501;0.56;0.0143;0.807;0.00328;0.821;0.0037;0.845;0.00374;0.844;0.00351;0.808;0.00463
68;0.798;0.0045;0.485;0.0198;0.803;0.00308;0.816;0.00335;0.843;0.00208;0.839;0.00264;0.803;0.00354
72;0.787;0.00768;0.477;0.0209;0.796;0.00294;0.81;0.00342;0.837;0.0027;0.834;0.00335;0.796;0.00466
76;0.773;0.00582;0.448;0.0175;0.78;0.00403;0.794;0.00436;0.83;0.00364;0.821;0.00406;0.784;0.00483
80;0.778;0.00901;0.465;0.0232;0.782;0.00317;0.797;0.00359;0.828;0.00294;0.82;0.00371;0.781;0.00368
84;0.764;0.0085;0.4;0.0189;0.781;0.00379;0.799;0.00381;0.836;0.00344;0.826;0.00357;0.787;0.00435
88;0.762;0.00528;0.416;0.0145;0.767;0.00257;0.786;0.0028;0.822;0.00298;0.813;0.00284;0.779;0.00332
92;0.747;0.00715;0.356;0.0175;0.758;0.00424;0.784;0.00402;0.826;0.00403;0.809;0.0046;0.777;0.00425
96;0.757;0.00809;0.352;0.0157;0.761;0.0044;0.779;0.0043;0.825;0.00426;0.805;0.00361;0.768;0.00417
100;0.734;0.00704;0.332;0.0146;0.755;0.00364;0.774;0.00355;0.817;0.00389;0.801;0.00424;0.77;0.00452
104;0.73;0.00899;0.348;0.0168;0.746;0.00378;0.774;0.00439;0.816;0.00417;0.793;0.00468;0.762;0.0047
108;0.736;0.0083;0.346;0.0133;0.744;0.00394;0.766;0.00449;0.809;0.00398;0.795;0.00446;0.759;0.00561
112;0.724;0.00972;0.316;0.0109;0.74;0.00435;0.761;0.00499;0.81;0.00396;0.792;0.00413;0.756;0.00406
116;0.711;0.0058;0.313;0.0123;0.731;0.00308;0.756;0.00342;0.805;0.00275;0.787;0.00351;0.755;0.00494
120;0.704;0.00759;0.329;0.0151;0.725;0.00309;0.75;0.00329;0.799;0.00349;0.777;0.00327;0.748;0.00373
124;0.685;0.0102;0.302;0.0136;0.712;0.0034;0.742;0.00364;0.796;0.00352;0.771;0.0028;0.742;0.00383
128;0.695;0.00716;0.314;0.0155;0.714;0.00238;0.743;0.00342;0.798;0.00366;0.774;0.00339;0.744;0.00358
132;0.696;0.0109;0.293;0.0103;0.714;0.00348;0.736;0.00433;0.799;0.00316;0.773;0.00367;0.739;0.00459
136;0.704;0.00835;0.278;0.0109;0.716;0.00438;0.739;0.00438;0.797;0.00444;0.773;0.00385;0.745;0.00356
140;0.699;0.00811;0.312;0.0142;0.706;0.00474;0.735;0.00352;0.794;0.00366;0.761;0.0031;0.732;0.0042
144;0.676;0.00856;0.283;0.0118;0.705;0.0038;0.732;0.00362;0.795;0.00257;0.764;0.00313;0.732;0.0034
148;0.669;0.0101;0.271;0.00965;0.705;0.00362;0.738;0.00408;0.798;0.00502;0.768;0.00492;0.736;0.00389
152;0.667;0.0111;0.295;0.0101;0.699;0.00398;0.725;0.00394;0.792;0.00368;0.761;0.00391;0.731;0.00437
156;0.658;0.0106;0.273;0.00773;0.698;0.00425;0.722;0.00342;0.786;0.00377;0.753;0.00365;0.723;0.00395
160;0.659;0.0103;0.27;0.0107;0.692;0.00442;0.722;0.00458;0.789;0.00398;0.759;0.00377;0.721;0.00474
164;0.65;0.013;0.268;0.00831;0.691;0.00328;0.723;0.00258;0.786;0.00354;0.753;0.00257;0.728;0.00305
168;0.657;0.00768;0.273;0.00912;0.681;0.00411;0.715;0.00402;0.782;0.00377;0.749;0.00372;0.716;0.0033
172;0.654;0.0102;0.276;0.00793;0.686;0.00297;0.709;0.00344;0.775;0.00348;0.739;0.00416;0.71;0.00418
176;0.648;0.00946;0.275;0.0057;0.68;0.00362;0.705;0.00431;0.776;0.00373;0.738;0.00419;0.715;0.00515
180;0.632;0.00966;0.257;0.00523;0.686;0.00395;0.715;0.00429;0.779;0.00318;0.747;0.00409;0.72;0.00413
184;0.633;0.0104;0.271;0.00626;0.678;0.00412;0.701;0.00469;0.772;0.00536;0.737;0.00401;0.701;0.00414
188;0.622;0.0134;0.27;0.00748;0.678;0.00468;0.707;0.00395;0.772;0.00289;0.736;0.00305;0.71;0.00339
192;0.62;0.00838;0.268;0.00501;0.669;0.00381;0.7;0.00373;0.773;0.00347;0.732;0.00365;0.708;0.0042
196;0.634;0.00648;0.272;0.00487;0.668;0.00307;0.697;0.00459;0.775;0.00353;0.73;0.0039;0.709;0.00439
200;0.615;0.0107;0.264;0.00586;0.667;0.00429;0.699;0.00423;0.772;0.00358;0.73;0.00374;0.708;0.00346
204;0.625;0.0115;0.283;0.00691;0.659;0.00436;0.694;0.00379;0.767;0.00271;0.729;0.00354;0.701;0.00435
208;0.602;0.0147;0.26;0.00394;0.661;0.00321;0.699;0.00416;0.772;0.00427;0.735;0.0041;0.708;0.00461
212;0.62;0.011;0.271;0.00579;0.669;0.00365;0.699;0.0039;0.767;0.00373;0.728;0.00317;0.703;0.00308
216;0.592;0.0121;0.277;0.00454;0.648;0.00349;0.681;0.00357;0.761;0.00252;0.715;0.00359;0.689;0.00367
220;0.597;0.0123;0.266;0.00416;0.653;0.00358;0.693;0.00351;0.768;0.00386;0.729;0.00315;0.701;0.0041
224;0.603;0.0139;0.283;0.00646;0.651;0.00388;0.682;0.0051;0.753;0.0039;0.708;0.00462;0.689;0.00392
228;0.566;0.0126;0.278;0.00516;0.654;0.00472;0.685;0.00363;0.76;0.00379;0.719;0.00327;0.688;0.00352
232;0.605;0.0108;0.28;0.00472;0.642;0.00342;0.679;0.00388;0.758;0.00373;0.71;0.00405;0.685;0.00451
236;0.575;0.0145;0.275;0.00505;0.646;0.0037;0.684;0.00411;0.761;0.00386;0.716;0.00409;0.692;0.00407
240;0.575;0.013;0.275;0.00568;0.65;0.00356;0.684;0.00436;0.759;0.00448;0.718;0.00456;0.693;0.00442
244;0.602;0.0103;0.282;0.00484;0.651;0.00276;0.68;0.00356;0.756;0.00348;0.713;0.00327;0.689;0.00412
248;0.602;0.0104;0.287;0.00387;0.643;0.00385;0.673;0.00377;0.75;0.004;0.7;0.00434;0.684;0.00426
252;0.574;0.0109;0.281;0.00377;0.641;0.00298;0.677;0.00303;0.754;0.00247;0.707;0.00355;0.686;0.00385
256;0.581;0.0105;0.293;0.00401;0.633;0.00319;0.669;0.00293;0.748;0.00366;0.7;0.00301;0.679;0.00385
260;0.571;0.00947;0.288;0.00339;0.63;0.00306;0.667;0.00352;0.746;0.0027;0.695;0.00309;0.68;0.00376
264;0.581;0.0105;0.291;0.00697;0.636;0.00473;0.671;0.00459;0.75;0.00441;0.702;0.00479;0.682;0.00503
268;0.565;0.012;0.282;0.00493;0.639;0.00266;0.674;0.00378;0.75;0.00359;0.7;0.00353;0.687;0.00322
272;0.58;0.0127;0.286;0.0026;0.634;0.00342;0.671;0.00251;0.743;0.00322;0.702;0.00162;0.68;0.00228
276;0.562;0.0131;0.284;0.00441;0.631;0.00522;0.67;0.00418;0.751;0.00395;0.701;0.00362;0.681;0.00434
280;0.545;0.00914;0.296;0.00486;0.628;0.00348;0.659;0.00301;0.744;0.00361;0.69;0.00344;0.677;0.00376
284;0.548;0.0107;0.288;0.0041;0.627;0.00281;0.664;0.00389;0.743;0.00245;0.692;0.00398;0.674;0.00415
288;0.558;0.0132;0.285;0.00307;0.631;0.00322;0.67;0.00366;0.75;0.00307;0.696;0.00312;0.681;0.00367
292;0.571;0.00916;0.286;0.00357;0.631;0.00311;0.664;0.0035;0.747;0.00353;0.701;0.00316;0.678;0.00305
296;0.547;0.00905;0.291;0.00317;0.626;0.00306;0.661;0.00356;0.741;0.00349;0.693;0.00373;0.671;0.00457
300;0.544;0.013;0.297;0.00457;0.62;0.00414;0.661;0.00428;0.744;0.0035;0.694;0.00399;0.672;0.00407
304;0.546;0.0103;0.295;0.00297;0.624;0.00281;0.662;0.00326;0.737;0.00366;0.688;0.00353;0.673;0.00301
308;0.534;0.0143;0.293;0.0039;0.62;0.0035;0.659;0.00361;0.739;0.00338;0.693;0.00346;0.676;0.0036
312;0.557;0.0111;0.301;0.00481;0.62;0.00434;0.655;0.00424;0.733;0.00357;0.684;0.00455;0.667;0.00388
316;0.545;0.0129;0.292;0.00283;0.623;0.00351;0.659;0.00363;0.74;0.00239;0.688;0.0034;0.672;0.00404
320;0.521;0.0157;0.299;0.00373;0.621;0.00361;0.646;0.00351;0.732;0.00289;0.679;0.00338;0.668;0.0042
324;0.547;0.00874;0.304;0.00564;0.614;0.00409;0.646;0.00446;0.731;0.00584;0.676;0.00509;0.663;0.00493
328;0.542;0.0107;0.304;0.00319;0.613;0.00256;0.646;0.00338;0.726;0.00349;0.672;0.00331;0.657;0.00283
332;0.541;0.00946;0.304;0.00212;0.603;0.0035;0.643;0.00248;0.73;0.00306;0.678;0.0028;0.66;0.00393
336;0.524;0.0143;0.305;0.00324;0.609;0.00323;0.646;0.00314;0.731;0.00413;0.677;0.00326;0.663;0.00435
340;0.517;0.0101;0.306;0.0031;0.606;0.0033;0.644;0.0026;0.732;0.00313;0.678;0.00239;0.659;0.00391
344;0.542;0.00947;0.315;0.00473;0.611;0.00502;0.642;0.00366;0.723;0.0035;0.664;0.00402;0.651;0.00473
348;0.529;0.0111;0.309;0.00358;0.611;0.00461;0.64;0.00252;0.728;0.00391;0.674;0.00421;0.657;0.00311
352;0.506;0.0107;0.309;0.0038;0.608;0.00412;0.644;0.0051;0.722;0.00368;0.666;0.00418;0.655;0.0044
356;0.54;0.0103;0.309;0.00274;0.61;0.00378;0.642;0.00308;0.731;0.00338;0.671;0.0037;0.655;0.0036
360;0.524;0.0082;0.308;0.00463;0.607;0.00379;0.644;0.00374;0.727;0.00424;0.669;0.00328;0.657;0.00361
364;0.546;0.00893;0.31;0.0035;0.613;0.00403;0.641;0.0026;0.724;0.00268;0.668;0.00308;0.663;0.00365
368;0.513;0.0107;0.313;0.0048;0.606;0.00397;0.636;0.0045;0.722;0.00475;0.666;0.00404;0.655;0.00525
372;0.502;0.0086;0.321;0.00361;0.596;0.00397;0.63;0.00335;0.718;0.00304;0.658;0.00256;0.639;0.00355
376;0.511;0.00959;0.319;0.00339;0.608;0.00313;0.631;0.00478;0.715;0.00371;0.661;0.00334;0.65;0.0036
380;0.51;0.011;0.318;0.00341;0.599;0.00367;0.636;0.00395;0.717;0.00366;0.667;0.00487;0.653;0.00331
